0 0 6 0 -84.18 -90.20 0.92 0.59 0.61 1.84 0.00
0 0 14 0 -9.48 -51.73 0.92 0.59 0.61 1.84 0.00
0 0 15 0 -8.67 -57.63 0.92 0.59 0.61 1.84 0.00
0 0 16 0 -10.99 -56.04 0.92 0.59 0.61 1.84 0.00
0 0 15 0 -8.65 -57.59 0.92 0.59 0.61 1.84 0.00
0 0 14 0 -9.61 -51.73 0.92 0.59 0.61 1.84 0.00
0 0 6 1 -84.15 -90.22 0.92 0.59 0.61 1.84 0.00
0 0 14 1 -9.50 -51.72 0.92 0.59 0.61 1.84 0.00
0 0 15 1 -8.68 -57.66 0.92 0.59 0.61 1.84 0.00
0 0 16 1 -10.98 -56.04 0.92 0.59 0.61 1.84 0.00
0 0 15 1 -8.65 -57.61 0.92 0.59 0.61 1.84 0.00
0 0 14 1 -9.57 -51.74 0.92 0.59 0.61 1.84 0.00
0 0 6 2 -84.15 -90.22 0.92 0.59 0.61 1.84 0.00
0 0 14 2 -9.50 -51.73 0.92 0.59 0.61 1.84 0.00
0 0 15 2 -8.68 -57.69 0.92 0.59 0.61 1.84 0.00
0 0 16 2 -10.98 -56.04 0.92 0.59 0.61 1.84 0.00
0 0 15 2 -8.66 -57.63 0.92 0.59 0.61 1.84 0.00
0 0 14 2 -9.58 -51.73 0.92 0.59 0.61 1.84 0.00
0 0 16 2 -10.97 -56.07 0.92 0.59 0.61 1.84 0.00
0 0 6 3 -84.21 -90.21 0.92 0.59 0.61 1.84 0.00
0 0 14 3 -9.49 -51.73 0.92 0.59 0.61 1.84 0.00
0 0 15 3 -8.68 -57.70 0.92 0.59 0.61 1.84 0.00
0 0 16 3 -10.98 -56.04 0.92 0.59 0.61 1.84 0.00
0 1 33 3 -71.08 -13.46 1.29 1.14 2.06 2.58 0.00
0 0 15 3 -8.68 -57.66 0.92 0.59 0.61 1.84 0.00
0 0 14 3 -9.59 -51.73 0.92 0.59 0.61 1.84 0.00
0 0 16 3 -10.99 -56.09 0.92 0.59 0.61 1.84 0.00
0 0 6 4 -84.24 -90.20 0.92 0.59 0.61 1.84 0.00
0 0 14 4 -9.50 -51.72 0.92 0.59 0.61 1.84 0.00
0 0 15 4 -8.68 -57.70 0.92 0.59 0.61 1.84 0.00
0 1 33 4 -71.08 -13.49 1.29 1.14 2.06 2.58 0.00
0 0 15 4 -8.68 -57.67 0.92 0.59 0.61 1.84 0.00
0 0 14 4 -9.60 -51.72 0.92 0.59 0.61 1.84 0.00
0 0 16 4 -11.02 -56.10 0.92 0.59 0.61 1.84 0.00
0 0 6 5 -84.25 -90.19 0.92 0.59 0.61 1.84 0.00
0 0 14 5 -9.50 -51.72 0.92 0.59 0.61 1.84 0.00
0 0 15 5 -8.68 -57.71 0.92 0.59 0.61 1.84 0.00
0 0 15 5 -8.67 -57.68 0.92 0.59 0.61 1.84 0.00
0 0 14 5 -9.58 -51.73 0.92 0.59 0.61 1.84 0.00
0 0 16 5 -10.99 -56.09 0.92 0.59 0.61 1.84 0.00
0 0 6 6 -84.26 -90.18 0.92 0.59 0.61 1.84 0.00
0 0 14 6 -9.50 -51.72 0.92 0.59 0.61 1.84 0.00
0 0 15 6 -8.68 -57.71 0.92 0.59 0.61 1.84 0.00
0 0 15 6 -8.66 -57.67 0.92 0.59 0.61 1.84 0.00
0 0 14 6 -9.55 -51.73 0.92 0.59 0.61 1.84 0.00
0 0 16 6 -10.96 -56.08 0.92 0.59 0.61 1.84 0.00
0 0 6 7 -84.25 -90.18 0.92 0.59 0.61 1.84 0.00
0 0 14 7 -9.51 -51.72 0.92 0.59 0.61 1.84 0.00
0 0 15 7 -8.68 -57.72 0.92 0.59 0.61 1.84 0.00
0 0 16 7 -10.99 -56.05 0.92 0.59 0.61 1.84 0.00
0 0 15 7 -8.66 -57.67 0.92 0.59 0.61 1.84 0.00
0 0 14 7 -9.55 -51.74 0.92 0.59 0.61 1.84 0.00
0 0 16 7 -10.96 -56.08 0.92 0.59 0.61 1.84 0.00
0 0 6 8 -84.26 -90.19 0.92 0.59 0.61 1.84 0.00
0 0 14 8 -9.50 -51.72 0.92 0.59 0.61 1.84 0.00
0 0 15 8 -8.68 -57.73 0.92 0.59 0.61 1.84 0.00
0 0 16 8 -10.98 -56.05 0.92 0.59 0.61 1.84 0.00
0 0 17 8 -33.08 -49.01 0.92 0.59 0.61 1.84 0.00
0 0 15 8 -8.66 -57.67 0.92 0.59 0.61 1.84 0.00
0 0 14 8 -9.54 -51.74 0.92 0.59 0.61 1.84 0.00
0 0 6 9 -84.30 -90.19 0.92 0.59 0.61 1.84 0.00
0 0 14 9 -9.50 -51.72 0.92 0.59 0.61 1.84 0.00
0 0 15 9 -8.68 -57.73 0.92 0.59 0.61 1.84 0.00
0 0 16 9 -10.98 -56.05 0.92 0.59 0.61 1.84 0.00
0 0 17 9 -33.07 -49.01 0.92 0.59 0.61 1.84 0.00
0 0 15 9 -8.67 -57.69 0.92 0.59 0.61 1.84 0.00
0 0 14 9 -9.54 -51.74 0.92 0.59 0.61 1.84 0.00
0 0 6 10 -84.31 -90.19 0.92 0.59 0.61 1.84 0.00
0 0 14 10 -9.50 -51.72 0.92 0.59 0.61 1.84 0.00
0 0 15 10 -8.67 -57.73 0.92 0.59 0.61 1.84 0.00
0 0 17 10 -33.07 -49.01 0.92 0.59 0.61 1.84 0.00
0 0 15 10 -8.73 -57.75 0.92 0.59 0.61 1.84 0.00
0 0 14 10 -9.55 -51.74 0.92 0.59 0.61 1.84 0.00
0 0 6 11 -84.32 -90.20 0.92 0.59 0.61 1.84 0.00
0 0 14 11 -9.49 -51.72 0.92 0.59 0.61 1.84 0.00
0 0 15 11 -8.68 -57.75 0.92 0.59 0.61 1.84 0.00
0 0 17 11 -33.05 -49.02 0.92 0.59 0.61 1.84 0.00
0 0 15 11 -8.74 -57.78 0.92 0.59 0.61 1.84 0.00
0 0 14 11 -9.56 -51.73 0.92 0.59 0.61 1.84 0.00
0 0 6 12 -84.35 -90.20 0.92 0.59 0.61 1.84 0.00
0 0 14 12 -9.49 -51.72 0.92 0.59 0.61 1.84 0.00
0 0 15 12 -8.73 -57.79 0.92 0.59 0.61 1.84 0.00
0 0 17 12 -33.06 -49.02 0.92 0.59 0.61 1.84 0.00
0 0 15 12 -8.74 -57.79 0.92 0.59 0.61 1.84 0.00
0 0 14 12 -9.55 -51.73 0.92 0.59 0.61 1.84 0.00
0 0 16 12 -11.00 -56.09 0.92 0.59 0.61 1.84 0.00
0 0 6 13 -84.41 -90.21 0.92 0.59 0.61 1.84 0.00
0 0 14 13 -9.48 -51.73 0.92 0.59 0.61 1.84 0.00
0 0 15 13 -8.76 -57.84 0.92 0.59 0.61 1.84 0.00
0 0 15 13 -8.74 -57.82 0.92 0.59 0.61 1.84 0.00
0 0 14 13 -9.55 -51.73 0.92 0.59 0.61 1.84 0.00
0 0 6 14 -84.47 -90.22 0.92 0.59 0.61 1.84 0.00
0 0 14 14 -9.48 -51.72 0.92 0.59 0.61 1.84 0.00
0 0 15 14 -8.81 -57.89 0.92 0.59 0.61 1.84 0.00
0 0 16 14 -10.98 -56.05 0.92 0.59 0.61 1.84 0.00
0 0 15 14 -8.80 -57.88 0.92 0.59 0.61 1.84 0.00
0 0 14 14 -9.55 -51.73 0.92 0.59 0.61 1.84 0.00
0 0 16 14 -10.99 -56.08 0.92 0.59 0.61 1.84 0.00
0 0 6 15 -84.44 -90.22 0.92 0.59 0.61 1.84 0.00
0 0 14 15 -9.48 -51.72 0.92 0.59 0.61 1.84 0.00
0 0 15 15 -8.88 -57.96 0.92 0.59 0.61 1.84 0.00
0 0 16 15 -10.98 -56.05 0.92 0.59 0.61 1.84 0.00
0 0 15 15 -8.87 -57.93 0.92 0.59 0.61 1.84 0.00
0 0 14 15 -9.56 -51.73 0.92 0.59 0.61 1.84 0.00
0 0 6 16 -84.52 -90.23 0.92 0.59 0.61 1.84 0.00
0 0 14 16 -9.48 -51.72 0.92 0.59 0.61 1.84 0.00
0 0 15 16 -8.90 -57.99 0.92 0.59 0.61 1.84 0.00
0 0 16 16 -10.97 -56.05 0.92 0.59 0.61 1.84 0.00
0 0 15 16 -8.90 -57.97 0.92 0.59 0.61 1.84 0.00
0 0 14 16 -9.57 -51.73 0.92 0.59 0.61 1.84 0.00
0 0 16 16 -10.98 -56.08 0.92 0.59 0.61 1.84 0.00
0 0 6 17 -84.60 -90.23 0.92 0.59 0.61 1.84 0.00
0 0 14 17 -9.48 -51.72 0.92 0.59 0.61 1.84 0.00
0 0 15 17 -8.93 -58.02 0.92 0.59 0.61 1.84 0.00
0 0 16 17 -10.98 -56.05 0.92 0.59 0.61 1.84 0.00
0 0 15 17 -8.92 -57.99 0.92 0.59 0.61 1.84 0.00
0 0 14 17 -9.56 -51.73 0.92 0.59 0.61 1.84 0.00
0 0 16 17 -10.96 -56.08 0.92 0.59 0.61 1.84 0.00
0 0 6 18 -84.65 -90.24 0.92 0.59 0.61 1.84 0.00
0 0 14 18 -9.47 -51.71 0.92 0.59 0.61 1.84 0.00
0 0 15 18 -8.95 -58.04 0.92 0.59 0.61 1.84 0.00
0 0 16 18 -10.98 -56.05 0.92 0.59 0.61 1.84 0.00
0 0 15 18 -8.93 -58.01 0.92 0.59 0.61 1.84 0.00
0 0 14 18 -9.56 -51.73 0.92 0.59 0.61 1.84 0.00
0 0 16 18 -10.96 -56.07 0.92 0.59 0.61 1.84 0.00
0 0 6 19 -84.68 -90.25 0.92 0.59 0.61 1.84 0.00
0 0 14 19 -9.48 -51.71 0.92 0.59 0.61 1.84 0.00
0 0 15 19 -8.97 -58.07 0.92 0.59 0.61 1.84 0.00
0 0 16 19 -10.98 -56.05 0.92 0.59 0.61 1.84 0.00
0 0 15 19 -8.95 -58.04 0.92 0.59 0.61 1.84 0.00
0 0 14 19 -9.57 -51.73 0.92 0.59 0.61 1.84 0.00
0 0 16 19 -10.94 -56.07 0.92 0.59 0.61 1.84 0.00
0 0 6 20 -84.72 -90.25 0.92 0.59 0.61 1.84 0.00
0 0 14 20 -9.48 -51.71 0.92 0.59 0.61 1.84 0.00
0 0 15 20 -8.98 -58.09 0.92 0.59 0.61 1.84 0.00
0 0 16 20 -10.98 -56.05 0.92 0.59 0.61 1.84 0.00
0 0 15 20 -8.98 -58.07 0.92 0.59 0.61 1.84 0.00
0 0 14 20 -9.57 -51.73 0.92 0.59 0.61 1.84 0.00
0 0 16 20 -10.97 -56.07 0.92 0.59 0.61 1.84 0.00
0 0 6 21 -84.84 -90.26 0.92 0.59 0.61 1.84 0.00
0 0 14 21 -9.48 -51.71 0.92 0.59 0.61 1.84 0.00
0 0 15 21 -9.00 -58.11 0.92 0.59 0.61 1.84 0.00
0 0 16 21 -10.98 -56.05 0.92 0.59 0.61 1.84 0.00
0 0 15 21 -9.02 -58.12 0.92 0.59 0.61 1.84 0.00
0 0 14 21 -9.58 -51.73 0.92 0.59 0.61 1.84 0.00
0 0 16 21 -10.98 -56.08 0.92 0.59 0.61 1.84 0.00
0 0 6 22 -84.91 -90.26 0.92 0.59 0.61 1.84 0.00
0 0 14 22 -9.47 -51.71 0.92 0.59 0.61 1.84 0.00
0 0 15 22 -9.01 -58.15 0.92 0.59 0.61 1.84 0.00
0 0 16 22 -10.98 -56.05 0.92 0.59 0.61 1.84 0.00
0 0 15 22 -9.01 -58.13 0.92 0.59 0.61 1.84 0.00
0 0 14 22 -9.59 -51.72 0.92 0.59 0.61 1.84 0.00
0 0 16 22 -10.98 -56.08 0.92 0.59 0.61 1.84 0.00
0 0 6 23 -84.96 -90.27 0.92 0.59 0.61 1.84 0.00
0 0 14 23 -9.47 -51.72 0.92 0.59 0.61 1.84 0.00
0 0 15 23 -9.02 -58.16 0.92 0.59 0.61 1.84 0.00
0 0 16 23 -10.98 -56.05 0.92 0.59 0.61 1.84 0.00
0 0 15 23 -8.99 -58.15 0.92 0.59 0.61 1.84 0.00
0 0 14 23 -9.59 -51.72 0.92 0.59 0.61 1.84 0.00
0 0 16 23 -10.98 -56.08 0.92 0.59 0.61 1.84 0.00
0 0 6 24 -84.97 -90.28 0.92 0.59 0.61 1.84 0.00
0 0 14 24 -9.47 -51.72 0.92 0.59 0.61 1.84 0.00
0 0 15 24 -9.00 -58.17 0.92 0.59 0.61 1.84 0.00
0 0 16 24 -10.98 -56.05 0.92 0.59 0.61 1.84 0.00
0 0 15 24 -8.99 -58.16 0.92 0.59 0.61 1.84 0.00
0 0 14 24 -9.57 -51.73 0.92 0.59 0.61 1.84 0.00
0 0 16 24 -10.98 -56.08 0.92 0.59 0.61 1.84 0.00
0 0 6 25 -84.99 -90.29 0.92 0.59 0.61 1.84 0.00
0 0 14 25 -9.48 -51.71 0.92 0.59 0.61 1.84 0.00
0 0 15 25 -9.01 -58.19 0.92 0.59 0.61 1.84 0.00
0 0 16 25 -10.98 -56.06 0.92 0.59 0.61 1.84 0.00
0 0 15 25 -8.98 -58.16 0.92 0.59 0.61 1.84 0.00
0 0 14 25 -9.56 -51.73 0.92 0.59 0.61 1.84 0.00
0 0 16 25 -10.97 -56.08 0.92 0.59 0.61 1.84 0.00
0 0 6 26 -84.99 -90.29 0.92 0.59 0.61 1.84 0.00
0 0 14 26 -9.49 -51.71 0.92 0.59 0.61 1.84 0.00
0 0 15 26 -9.01 -58.20 0.92 0.59 0.61 1.84 0.00
0 0 16 26 -10.98 -56.05 0.92 0.59 0.61 1.84 0.00
0 0 18 26 -9.02 -58.35 0.92 0.59 0.61 1.84 0.00
0 0 15 26 -8.98 -58.16 0.92 0.59 0.61 1.84 0.00
0 0 14 26 -9.52 -51.74 0.92 0.59 0.61 1.84 0.00
0 0 16 26 -10.98 -56.08 0.92 0.59 0.61 1.84 0.00
0 0 6 27 -84.98 -90.30 0.92 0.59 0.61 1.84 0.00
0 0 14 27 -9.49 -51.71 0.92 0.59 0.61 1.84 0.00
0 0 15 27 -9.00 -58.21 0.92 0.59 0.61 1.84 0.00
0 0 16 27 -10.98 -56.05 0.92 0.59 0.61 1.84 0.00
0 0 15 27 -9.01 -58.19 0.92 0.59 0.61 1.84 0.00
0 0 14 27 -9.53 -51.74 0.92 0.59 0.61 1.84 0.00
0 0 16 27 -10.98 -56.08 0.92 0.59 0.61 1.84 0.00
0 0 6 28 -84.99 -90.31 0.92 0.59 0.61 1.84 0.00
0 0 14 28 -9.48 -51.71 0.92 0.59 0.61 1.84 0.00
0 0 15 28 -9.01 -58.24 0.92 0.59 0.61 1.84 0.00
0 0 16 28 -10.98 -56.05 0.92 0.59 0.61 1.84 0.00
0 0 15 28 -9.04 -58.22 0.92 0.59 0.61 1.84 0.00
0 0 14 28 -9.54 -51.74 0.92 0.59 0.61 1.84 0.00
0 0 16 28 -10.98 -56.08 0.92 0.59 0.61 1.84 0.00
0 0 6 29 -85.00 -90.31 0.92 0.59 0.61 1.84 0.00
0 0 14 29 -9.48 -51.71 0.92 0.59 0.61 1.84 0.00
0 0 15 29 -9.06 -58.29 0.92 0.59 0.61 1.84 0.00
0 0 16 29 -10.98 -56.05 0.92 0.59 0.61 1.84 0.00
0 1 33 29 -71.21 -13.59 1.29 1.14 2.06 2.58 0.00
0 0 15 29 -9.05 -58.26 0.92 0.59 0.61 1.84 0.00
0 0 14 29 -9.56 -51.73 0.92 0.59 0.61 1.84 0.00
0 0 16 29 -10.97 -56.08 0.92 0.59 0.61 1.84 0.00
0 0 6 30 -85.01 -90.32 0.92 0.59 0.61 1.84 0.00
0 0 14 30 -9.49 -51.71 0.92 0.59 0.61 1.84 0.00
0 0 15 30 -9.14 -58.38 0.92 0.59 0.61 1.84 0.00
0 1 33 30 -71.21 -13.54 1.29 1.14 2.06 2.58 0.00
0 0 15 30 -9.14 -58.34 0.92 0.59 0.61 1.84 0.00
0 0 14 30 -9.57 -51.73 0.92 0.59 0.61 1.84 0.00
0 0 6 31 -85.03 -90.33 0.92 0.59 0.61 1.84 0.00
0 0 14 31 -9.50 -51.71 0.92 0.59 0.61 1.84 0.00
0 0 15 31 -9.20 -58.45 0.92 0.59 0.61 1.84 0.00
0 1 33 31 -71.22 -13.53 1.29 1.14 2.06 2.58 0.00
0 0 15 31 -9.22 -58.42 0.92 0.59 0.61 1.84 0.00
0 0 14 31 -9.56 -51.72 0.92 0.59 0.61 1.84 0.00
0 0 6 32 -85.06 -90.34 0.92 0.59 0.61 1.84 0.00
0 0 14 32 -9.51 -51.71 0.92 0.59 0.61 1.84 0.00
0 0 15 32 -9.26 -58.51 0.92 0.59 0.61 1.84 0.00
0 0 15 32 -9.26 -58.49 0.92 0.59 0.61 1.84 0.00
0 0 14 32 -9.53 -51.73 0.92 0.59 0.61 1.84 0.00
0 0 6 33 -85.13 -90.34 0.92 0.59 0.61 1.84 0.00
0 0 14 33 -9.50 -51.71 0.92 0.59 0.61 1.84 0.00
0 0 15 33 -9.30 -58.58 0.92 0.59 0.61 1.84 0.00
0 0 16 33 -10.98 -56.05 0.92 0.59 0.61 1.84 0.00
0 1 33 33 -71.19 -13.53 1.29 1.14 2.06 2.58 0.00
0 0 15 33 -9.27 -58.71 0.92 0.59 0.61 1.84 0.00
0 0 14 33 -9.55 -51.72 0.92 0.59 0.61 1.84 0.00
0 0 6 34 -85.20 -90.34 0.92 0.59 0.61 1.84 0.00
0 0 14 34 -9.50 -51.71 0.92 0.59 0.61 1.84 0.00
0 0 15 34 -9.31 -58.64 0.92 0.59 0.61 1.84 0.00
0 1 33 34 -71.19 -13.54 1.29 1.14 2.06 2.58 0.00
0 0 15 34 -9.28 -58.78 0.92 0.59 0.61 1.84 0.00
0 0 14 34 -9.57 -51.72 0.92 0.59 0.61 1.84 0.00
0 0 15 34 -9.30 -58.62 0.92 0.59 0.61 1.84 0.00
0 0 6 35 -85.29 -90.34 0.92 0.59 0.61 1.84 0.00
0 0 14 35 -9.50 -51.71 0.92 0.59 0.61 1.84 0.00
0 0 15 35 -9.31 -58.69 0.92 0.59 0.61 1.84 0.00
0 1 33 35 -71.19 -13.56 1.29 1.14 2.06 2.58 0.00
0 0 14 35 -9.58 -51.72 0.92 0.59 0.61 1.84 0.00
0 0 15 35 -9.30 -58.65 0.92 0.59 0.61 1.84 0.00
0 0 6 36 -85.34 -90.33 0.92 0.59 0.61 1.84 0.00
0 0 14 36 -9.50 -51.71 0.92 0.59 0.61 1.84 0.00
0 0 15 36 -9.32 -58.71 0.92 0.59 0.61 1.84 0.00
0 0 15 36 -9.28 -58.90 0.92 0.59 0.61 1.84 0.00
0 0 14 36 -9.57 -51.72 0.92 0.59 0.61 1.84 0.00
0 0 15 36 -9.29 -58.72 0.92 0.59 0.61 1.84 0.00
0 0 6 37 -85.41 -90.33 0.92 0.59 0.61 1.84 0.00
0 0 14 37 -9.50 -51.71 0.92 0.59 0.61 1.84 0.00
0 0 15 37 -9.31 -58.76 0.92 0.59 0.61 1.84 0.00
0 0 14 37 -9.58 -51.72 0.92 0.59 0.61 1.84 0.00
0 0 15 37 -9.30 -58.78 0.92 0.59 0.61 1.84 0.00
0 0 6 38 -85.48 -90.32 0.92 0.59 0.61 1.84 0.00
0 0 14 38 -9.50 -51.71 0.92 0.59 0.61 1.84 0.00
0 0 15 38 -9.30 -58.79 0.92 0.59 0.61 1.84 0.00
0 0 16 38 -10.99 -56.05 0.92 0.59 0.61 1.84 0.00
0 0 14 38 -9.57 -51.73 0.92 0.59 0.61 1.84 0.00
0 0 15 38 -9.31 -58.83 0.92 0.59 0.61 1.84 0.00
0 0 6 39 -85.58 -90.31 0.92 0.59 0.61 1.84 0.00
0 0 14 39 -9.50 -51.71 0.92 0.59 0.61 1.84 0.00
0 0 15 39 -9.29 -58.82 0.92 0.59 0.61 1.84 0.00
0 0 16 39 -10.98 -56.05 0.92 0.59 0.61 1.84 0.00
0 0 14 39 -9.55 -51.73 0.92 0.59 0.61 1.84 0.00
0 0 16 39 -10.97 -56.07 0.92 0.59 0.61 1.84 0.00
0 0 15 39 -9.34 -58.85 0.92 0.59 0.61 1.84 0.00
0 0 6 40 -85.65 -90.30 0.92 0.59 0.61 1.84 0.00
0 0 14 40 -9.49 -51.71 0.92 0.59 0.61 1.84 0.00
0 0 15 40 -9.29 -58.84 0.92 0.59 0.61 1.84 0.00
0 0 16 40 -10.98 -56.05 0.92 0.59 0.61 1.84 0.00
0 0 14 40 -9.54 -51.73 0.92 0.59 0.61 1.84 0.00
0 0 15 40 -9.34 -58.86 0.92 0.59 0.61 1.84 0.00
0 0 6 41 -85.70 -90.29 0.92 0.59 0.61 1.84 0.00
0 0 14 41 -9.48 -51.72 0.92 0.59 0.61 1.84 0.00
0 0 15 41 -9.28 -58.85 0.92 0.59 0.61 1.84 0.00
0 0 16 41 -10.99 -56.05 0.92 0.59 0.61 1.84 0.00
0 0 14 41 -9.54 -51.73 0.92 0.59 0.61 1.84 0.00
0 0 16 41 -10.97 -56.06 0.92 0.59 0.61 1.84 0.00
0 0 15 41 -9.31 -58.86 0.92 0.59 0.61 1.84 0.00
0 0 6 42 -85.75 -90.28 0.92 0.59 0.61 1.84 0.00
0 0 14 42 -9.48 -51.72 0.92 0.59 0.61 1.84 0.00
0 0 15 42 -9.28 -58.85 0.92 0.59 0.61 1.84 0.00
0 0 16 42 -10.98 -56.05 0.92 0.59 0.61 1.84 0.00
0 0 14 42 -9.53 -51.73 0.92 0.59 0.61 1.84 0.00
0 0 16 42 -10.96 -56.06 0.92 0.59 0.61 1.84 0.00
0 0 15 42 -9.30 -58.86 0.92 0.59 0.61 1.84 0.00
0 0 6 43 -85.77 -90.27 0.92 0.59 0.61 1.84 0.00
0 0 14 43 -9.48 -51.71 0.92 0.59 0.61 1.84 0.00
0 0 15 43 -9.28 -58.86 0.92 0.59 0.61 1.84 0.00
0 0 16 43 -10.98 -56.05 0.92 0.59 0.61 1.84 0.00
0 0 14 43 -9.51 -51.73 0.92 0.59 0.61 1.84 0.00
0 0 15 43 -9.31 -58.89 0.92 0.59 0.61 1.84 0.00
0 0 6 44 -85.78 -90.27 0.92 0.59 0.61 1.84 0.00
0 0 14 44 -9.48 -51.71 0.92 0.59 0.61 1.84 0.00
0 0 15 44 -9.30 -58.89 0.92 0.59 0.61 1.84 0.00
0 0 16 44 -10.98 -56.05 0.92 0.59 0.61 1.84 0.00
0 0 14 44 -9.51 -51.73 0.92 0.59 0.61 1.84 0.00
0 0 15 44 -9.33 -58.91 0.92 0.59 0.61 1.84 0.00
0 0 6 45 -85.78 -90.26 0.92 0.59 0.61 1.84 0.00
0 0 14 45 -9.48 -51.71 0.92 0.59 0.61 1.84 0.00
0 0 15 45 -9.33 -58.91 0.92 0.59 0.61 1.84 0.00
0 0 16 45 -10.98 -56.05 0.92 0.59 0.61 1.84 0.00
0 0 14 45 -9.51 -51.73 0.92 0.59 0.61 1.84 0.00
0 0 16 45 -10.96 -56.07 0.92 0.59 0.61 1.84 0.00
0 0 15 45 -9.34 -58.96 0.92 0.59 0.61 1.84 0.00
0 0 6 46 -85.77 -90.26 0.92 0.59 0.61 1.84 0.00
0 0 14 46 -9.48 -51.71 0.92 0.59 0.61 1.84 0.00
0 0 15 46 -9.36 -58.94 0.92 0.59 0.61 1.84 0.00
0 0 14 46 -9.51 -51.73 0.92 0.59 0.61 1.84 0.00
0 0 15 46 -9.36 -59.00 0.92 0.59 0.61 1.84 0.00
0 0 6 47 -85.77 -90.26 0.92 0.59 0.61 1.84 0.00
0 0 14 47 -9.49 -51.71 0.92 0.59 0.61 1.84 0.00
0 0 15 47 -9.38 -58.95 0.92 0.59 0.61 1.84 0.00
0 0 14 47 -9.49 -51.74 0.92 0.59 0.61 1.84 0.00
0 0 16 47 -10.95 -56.06 0.92 0.59 0.61 1.84 0.00
0 0 15 47 -9.40 -59.04 0.92 0.59 0.61 1.84 0.00
0 0 6 48 -85.77 -90.27 0.92 0.59 0.61 1.84 0.00
0 0 14 48 -9.48 -51.71 0.92 0.59 0.61 1.84 0.00
0 0 15 48 -9.44 -59.01 0.92 0.59 0.61 1.84 0.00
0 0 14 48 -9.49 -51.74 0.92 0.59 0.61 1.84 0.00
0 0 16 48 -10.96 -56.07 0.92 0.59 0.61 1.84 0.00
0 0 15 48 -9.49 -59.10 0.92 0.59 0.61 1.84 0.00
0 0 36 48 -16.57 -57.72 0.92 0.59 0.61 1.84 0.00
0 0 6 49 -85.77 -90.28 0.92 0.59 0.61 1.84 0.00
0 0 14 49 -9.49 -51.71 0.92 0.59 0.61 1.84 0.00
0 0 15 49 -9.54 -59.11 0.92 0.59 0.61 1.84 0.00
0 0 14 49 -9.49 -51.74 0.92 0.59 0.61 1.84 0.00
0 0 16 49 -10.98 -56.08 0.92 0.59 0.61 1.84 0.00
0 0 15 49 -9.56 -59.16 0.92 0.59 0.61 1.84 0.00
0 0 6 50 -85.80 -90.29 0.92 0.59 0.61 1.84 0.00
0 0 14 50 -9.49 -51.71 0.92 0.59 0.61 1.84 0.00
0 0 15 50 -9.62 -59.20 0.92 0.59 0.61 1.84 0.00
0 0 14 50 -9.50 -51.73 0.92 0.59 0.61 1.84 0.00
0 0 16 50 -10.98 -56.07 0.92 0.59 0.61 1.84 0.00
0 0 15 50 -9.62 -59.21 0.92 0.59 0.61 1.84 0.00
0 0 6 51 -85.84 -90.29 0.92 0.59 0.61 1.84 0.00
0 0 14 51 -9.49 -51.71 0.92 0.59 0.61 1.84 0.00
0 0 15 51 -9.65 -59.25 0.92 0.59 0.61 1.84 0.00
0 0 14 51 -9.50 -51.73 0.92 0.59 0.61 1.84 0.00
0 0 16 51 -10.99 -56.07 0.92 0.59 0.61 1.84 0.00
0 0 15 51 -9.66 -59.26 0.92 0.59 0.61 1.84 0.00
0 0 6 52 -85.89 -90.30 0.92 0.59 0.61 1.84 0.00
0 0 14 52 -9.50 -51.71 0.92 0.59 0.61 1.84 0.00
0 0 15 52 -9.65 -59.28 0.92 0.59 0.61 1.84 0.00
0 0 14 52 -9.50 -51.73 0.92 0.59 0.61 1.84 0.00
0 0 16 52 -10.99 -56.07 0.92 0.59 0.61 1.84 0.00
0 0 15 52 -9.67 -59.30 0.92 0.59 0.61 1.84 0.00
0 0 6 53 -85.96 -90.31 0.92 0.59 0.61 1.84 0.00
0 0 14 53 -9.51 -51.71 0.92 0.59 0.61 1.84 0.00
0 0 15 53 -9.66 -59.31 0.92 0.59 0.61 1.84 0.00
0 0 14 53 -9.49 -51.74 0.92 0.59 0.61 1.84 0.00
0 0 16 53 -10.99 -56.07 0.92 0.59 0.61 1.84 0.00
0 0 15 53 -9.66 -59.31 0.92 0.59 0.61 1.84 0.00
0 0 6 54 -86.04 -90.31 0.92 0.59 0.61 1.84 0.00
0 0 14 54 -9.51 -51.71 0.92 0.59 0.61 1.84 0.00
0 0 15 54 -9.66 -59.33 0.92 0.59 0.61 1.84 0.00
0 0 14 54 -9.46 -51.74 0.92 0.59 0.61 1.84 0.00
0 0 15 54 -9.69 -59.35 0.92 0.59 0.61 1.84 0.00
0 0 6 55 -86.12 -90.32 0.92 0.59 0.61 1.84 0.00
0 0 14 55 -9.51 -51.71 0.92 0.59 0.61 1.84 0.00
0 0 15 55 -9.67 -59.36 0.92 0.59 0.61 1.84 0.00
0 0 14 55 -9.43 -51.74 0.92 0.59 0.61 1.84 0.00
0 0 15 55 -9.70 -59.38 0.92 0.59 0.61 1.84 0.00
0 0 6 56 -86.20 -90.32 0.92 0.59 0.61 1.84 0.00
0 0 14 56 -9.51 -51.71 0.92 0.59 0.61 1.84 0.00
0 0 15 56 -9.70 -59.39 0.92 0.59 0.61 1.84 0.00
0 0 14 56 -9.42 -51.74 0.92 0.59 0.61 1.84 0.00
0 0 15 56 -9.73 -59.41 0.92 0.59 0.61 1.84 0.00
0 0 6 57 -86.25 -90.32 0.92 0.59 0.61 1.84 0.00
0 0 14 57 -9.51 -51.71 0.92 0.59 0.61 1.84 0.00
0 0 15 57 -9.70 -59.42 0.92 0.59 0.61 1.84 0.00
0 0 14 57 -9.44 -51.74 0.92 0.59 0.61 1.84 0.00
0 0 15 57 -9.74 -59.45 0.92 0.59 0.61 1.84 0.00
0 0 6 58 -86.36 -90.32 0.92 0.59 0.61 1.84 0.00
0 0 14 58 -9.51 -51.71 0.92 0.59 0.61 1.84 0.00
0 0 15 58 -9.72 -59.47 0.92 0.59 0.61 1.84 0.00
0 0 14 58 -9.47 -51.73 0.92 0.59 0.61 1.84 0.00
0 0 15 58 -9.78 -59.51 0.92 0.59 0.61 1.84 0.00
0 0 6 59 -86.40 -90.33 0.92 0.59 0.61 1.84 0.00
0 0 14 59 -9.51 -51.71 0.92 0.59 0.61 1.84 0.00
0 0 15 59 -9.72 -59.50 0.92 0.59 0.61 1.84 0.00
0 0 14 59 -9.50 -51.73 0.92 0.59 0.61 1.84 0.00
0 0 15 59 -9.80 -59.54 0.92 0.59 0.61 1.84 0.00
0 0 6 60 -86.46 -90.33 0.92 0.59 0.61 1.84 0.00
0 0 14 60 -9.51 -51.71 0.92 0.59 0.61 1.84 0.00
0 0 15 60 -9.73 -59.52 0.92 0.59 0.61 1.84 0.00
0 0 16 60 -10.98 -56.04 0.92 0.59 0.61 1.84 0.00
0 0 14 60 -9.55 -51.72 0.92 0.59 0.61 1.84 0.00
0 0 15 60 -9.79 -59.55 0.92 0.59 0.61 1.84 0.00
0 0 6 61 -86.47 -90.34 0.92 0.59 0.61 1.84 0.00
0 0 14 61 -9.51 -51.71 0.92 0.59 0.61 1.84 0.00
0 0 15 61 -9.74 -59.54 0.92 0.59 0.61 1.84 0.00
0 0 16 61 -10.98 -56.04 0.92 0.59 0.61 1.84 0.00
0 0 14 61 -9.57 -51.72 0.92 0.59 0.61 1.84 0.00
0 0 15 61 -9.76 -59.58 0.92 0.59 0.61 1.84 0.00
0 0 6 62 -86.49 -90.35 0.92 0.59 0.61 1.84 0.00
0 0 14 62 -9.52 -51.71 0.92 0.59 0.61 1.84 0.00
0 0 15 62 -9.73 -59.55 0.92 0.59 0.61 1.84 0.00
0 0 16 62 -10.98 -56.04 0.92 0.59 0.61 1.84 0.00
0 0 19 62 -9.90 -59.90 0.92 0.59 0.61 1.84 0.00
0 0 14 62 -9.57 -51.72 0.92 0.59 0.61 1.84 0.00
0 0 15 62 -9.72 -59.56 0.92 0.59 0.61 1.84 0.00
0 0 6 63 -86.48 -90.37 0.92 0.59 0.61 1.84 0.00
0 0 14 63 -9.52 -51.71 0.92 0.59 0.61 1.84 0.00
0 0 15 63 -9.74 -59.58 0.92 0.59 0.61 1.84 0.00
0 0 16 63 -10.98 -56.04 0.92 0.59 0.61 1.84 0.00
0 0 19 63 -9.82 -59.89 0.92 0.59 0.61 1.84 0.00
0 0 14 63 -9.55 -51.72 0.92 0.59 0.61 1.84 0.00
0 0 15 63 -9.72 -59.58 0.92 0.59 0.61 1.84 0.00
0 0 6 64 -86.43 -90.39 0.92 0.59 0.61 1.84 0.00
0 0 14 64 -9.51 -51.71 0.92 0.59 0.61 1.84 0.00
0 0 15 64 -9.73 -59.60 0.92 0.59 0.61 1.84 0.00
0 0 16 64 -10.98 -56.04 0.92 0.59 0.61 1.84 0.00
0 0 14 64 -9.55 -51.72 0.92 0.59 0.61 1.84 0.00
0 0 15 64 -9.72 -59.59 0.92 0.59 0.61 1.84 0.00
0 0 6 65 -86.46 -90.40 0.92 0.59 0.61 1.84 0.00
0 0 14 65 -9.51 -51.70 0.92 0.59 0.61 1.84 0.00
0 0 15 65 -9.71 -59.62 0.92 0.59 0.61 1.84 0.00
0 0 16 65 -10.98 -56.04 0.92 0.59 0.61 1.84 0.00
0 0 14 65 -9.53 -51.72 0.92 0.59 0.61 1.84 0.00
0 0 15 65 -9.74 -59.63 0.92 0.59 0.61 1.84 0.00
0 0 6 66 -86.48 -90.42 0.92 0.59 0.61 1.84 0.00
0 0 14 66 -9.49 -51.71 0.92 0.59 0.61 1.84 0.00
0 0 15 66 -9.76 -59.71 0.92 0.59 0.61 1.84 0.00
0 0 16 66 -10.98 -56.04 0.92 0.59 0.61 1.84 0.00
0 0 14 66 -9.55 -51.72 0.92 0.59 0.61 1.84 0.00
0 0 15 66 -9.76 -59.67 0.92 0.59 0.61 1.84 0.00
0 0 6 67 -86.49 -90.43 0.92 0.59 0.61 1.84 0.00
0 0 14 67 -9.49 -51.71 0.92 0.59 0.61 1.84 0.00
0 0 15 67 -9.81 -59.80 0.92 0.59 0.61 1.84 0.00
0 0 16 67 -10.98 -56.04 0.92 0.59 0.61 1.84 0.00
0 0 14 67 -9.56 -51.72 0.92 0.59 0.61 1.84 0.00
0 0 15 67 -9.84 -59.77 0.92 0.59 0.61 1.84 0.00
0 0 6 68 -86.51 -90.44 0.92 0.59 0.61 1.84 0.00
0 0 14 68 -9.49 -51.71 0.92 0.59 0.61 1.84 0.00
0 0 15 68 -9.85 -59.90 0.92 0.59 0.61 1.84 0.00
0 0 16 68 -10.98 -56.04 0.92 0.59 0.61 1.84 0.00
0 0 14 68 -9.55 -51.72 0.92 0.59 0.61 1.84 0.00
0 0 15 68 -9.92 -59.90 0.92 0.59 0.61 1.84 0.00
0 0 6 69 -86.51 -90.45 0.92 0.59 0.61 1.84 0.00
0 0 14 69 -9.49 -51.71 0.92 0.59 0.61 1.84 0.00
0 0 15 69 -9.90 -59.99 0.92 0.59 0.61 1.84 0.00
0 0 16 69 -10.98 -56.04 0.92 0.59 0.61 1.84 0.00
0 0 14 69 -9.54 -51.72 0.92 0.59 0.61 1.84 0.00
0 0 15 69 -9.98 -60.00 0.92 0.59 0.61 1.84 0.00
0 0 6 70 -86.59 -90.45 0.92 0.59 0.61 1.84 0.00
0 0 14 70 -9.49 -51.71 0.92 0.59 0.61 1.84 0.00
0 0 15 70 -9.92 -60.06 0.92 0.59 0.61 1.84 0.00
0 0 16 70 -10.98 -56.04 0.92 0.59 0.61 1.84 0.00
0 1 34 70 -71.24 -13.55 1.29 1.14 2.06 2.58 0.00
0 0 14 70 -9.54 -51.72 0.92 0.59 0.61 1.84 0.00
0 0 15 70 -10.02 -60.09 0.92 0.59 0.61 1.84 0.00
0 0 6 71 -86.68 -90.45 0.92 0.59 0.61 1.84 0.00
0 0 14 71 -9.50 -51.71 0.92 0.59 0.61 1.84 0.00
0 0 15 71 -9.95 -60.14 0.92 0.59 0.61 1.84 0.00
0 0 16 71 -10.98 -56.04 0.92 0.59 0.61 1.84 0.00
0 1 34 71 -71.24 -13.55 1.29 1.14 2.06 2.58 0.00
0 0 14 71 -9.54 -51.72 0.92 0.59 0.61 1.84 0.00
0 0 15 71 -10.03 -60.15 0.92 0.59 0.61 1.84 0.00
0 0 6 72 -86.76 -90.45 0.92 0.59 0.61 1.84 0.00
0 0 14 72 -9.50 -51.71 0.92 0.59 0.61 1.84 0.00
0 0 15 72 -9.95 -60.20 0.92 0.59 0.61 1.84 0.00
0 0 16 72 -10.98 -56.04 0.92 0.59 0.61 1.84 0.00
0 1 34 72 -71.24 -13.54 1.29 1.14 2.06 2.58 0.00
0 0 14 72 -9.55 -51.72 0.92 0.59 0.61 1.84 0.00
0 0 15 72 -9.99 -60.17 0.92 0.59 0.61 1.84 0.00
0 0 6 73 -86.85 -90.46 0.92 0.59 0.61 1.84 0.00
0 0 14 73 -9.50 -51.71 0.92 0.59 0.61 1.84 0.00
0 0 15 73 -9.93 -60.22 0.92 0.59 0.61 1.84 0.00
0 0 16 73 -10.98 -56.04 0.92 0.59 0.61 1.84 0.00
0 1 34 73 -71.27 -13.52 1.29 1.14 2.06 2.58 0.00
0 0 14 73 -9.55 -51.72 0.92 0.59 0.61 1.84 0.00
0 0 15 73 -9.93 -60.15 0.92 0.59 0.61 1.84 0.00
0 0 6 74 -86.93 -90.45 0.92 0.59 0.61 1.84 0.00
0 0 14 74 -9.50 -51.71 0.92 0.59 0.61 1.84 0.00
0 0 15 74 -9.89 -60.23 0.92 0.59 0.61 1.84 0.00
0 0 16 74 -10.98 -56.04 0.92 0.59 0.61 1.84 0.00
0 1 34 74 -71.29 -13.51 1.29 1.14 2.06 2.58 0.00
0 0 14 74 -9.56 -51.72 0.92 0.59 0.61 1.84 0.00
0 0 15 74 -9.93 -60.17 0.92 0.59 0.61 1.84 0.00
0 0 6 75 -87.01 -90.45 0.92 0.59 0.61 1.84 0.00
0 0 14 75 -9.50 -51.71 0.92 0.59 0.61 1.84 0.00
0 0 15 75 -9.90 -60.25 0.92 0.59 0.61 1.84 0.00
0 0 16 75 -10.97 -56.03 0.92 0.59 0.61 1.84 0.00
0 1 34 75 -71.26 -13.56 1.29 1.14 2.06 2.58 0.00
0 0 14 75 -9.56 -51.72 0.92 0.59 0.61 1.84 0.00
0 0 15 75 -9.91 -60.16 0.92 0.59 0.61 1.84 0.00
0 0 6 76 -87.09 -90.45 0.92 0.59 0.61 1.84 0.00
0 0 14 76 -9.49 -51.71 0.92 0.59 0.61 1.84 0.00
0 0 15 76 -9.91 -60.27 0.92 0.59 0.61 1.84 0.00
0 0 16 76 -10.97 -56.03 0.92 0.59 0.61 1.84 0.00
0 1 34 76 -71.26 -13.58 1.29 1.14 2.06 2.58 0.00
0 0 14 76 -9.56 -51.72 0.92 0.59 0.61 1.84 0.00
0 0 15 76 -9.84 -60.09 0.92 0.59 0.61 1.84 0.00
0 0 6 77 -87.16 -90.45 0.92 0.59 0.61 1.84 0.00
0 0 14 77 -9.49 -51.71 0.92 0.59 0.61 1.84 0.00
0 0 15 77 -9.89 -60.27 0.92 0.59 0.61 1.84 0.00
0 0 16 77 -10.97 -56.03 0.92 0.59 0.61 1.84 0.00
0 0 14 77 -9.54 -51.72 0.92 0.59 0.61 1.84 0.00
0 0 15 77 -9.81 -60.07 0.92 0.59 0.61 1.84 0.00
0 0 6 78 -87.21 -90.45 0.92 0.59 0.61 1.84 0.00
0 0 14 78 -9.49 -51.71 0.92 0.59 0.61 1.84 0.00
0 0 15 78 -9.85 -60.26 0.92 0.59 0.61 1.84 0.00
0 0 16 78 -10.97 -56.03 0.92 0.59 0.61 1.84 0.00
0 0 14 78 -9.55 -51.72 0.92 0.59 0.61 1.84 0.00
0 0 6 79 -87.24 -90.45 0.92 0.59 0.61 1.84 0.00
0 0 14 79 -9.50 -51.71 0.92 0.59 0.61 1.84 0.00
0 0 15 79 -9.80 -60.25 0.92 0.59 0.61 1.84 0.00
0 0 16 79 -10.97 -56.03 0.92 0.59 0.61 1.84 0.00
0 0 14 79 -9.53 -51.72 0.92 0.59 0.61 1.84 0.00
0 0 6 80 -87.25 -90.45 0.92 0.59 0.61 1.84 0.00
0 0 14 80 -9.49 -51.71 0.92 0.59 0.61 1.84 0.00
0 0 15 80 -9.73 -60.23 0.92 0.59 0.61 1.84 0.00
0 0 16 80 -10.97 -56.04 0.92 0.59 0.61 1.84 0.00
0 0 14 80 -9.52 -51.72 0.92 0.59 0.61 1.84 0.00
0 0 6 81 -87.26 -90.44 0.92 0.59 0.61 1.84 0.00
0 0 14 81 -9.50 -51.71 0.92 0.59 0.61 1.84 0.00
0 0 15 81 -9.74 -60.27 0.92 0.59 0.61 1.84 0.00
0 0 16 81 -10.97 -56.04 0.92 0.59 0.61 1.84 0.00
0 1 34 81 -71.25 -13.54 1.29 1.14 2.06 2.58 0.00
0 0 14 81 -9.51 -51.73 0.92 0.59 0.61 1.84 0.00
0 0 37 81 -43.54 -56.70 0.92 0.59 0.61 1.84 0.00
0 0 6 82 -87.25 -90.44 0.92 0.59 0.61 1.84 0.00
0 0 14 82 -9.50 -51.71 0.92 0.59 0.61 1.84 0.00
0 0 15 82 -9.80 -60.34 0.92 0.59 0.61 1.84 0.00
0 0 16 82 -10.97 -56.04 0.92 0.59 0.61 1.84 0.00
0 0 14 82 -9.51 -51.73 0.92 0.59 0.61 1.84 0.00
0 0 37 82 -43.41 -56.70 0.92 0.59 0.61 1.84 0.00
0 0 6 83 -87.26 -90.44 0.92 0.59 0.61 1.84 0.00
0 0 14 83 -9.50 -51.71 0.92 0.59 0.61 1.84 0.00
0 0 15 83 -9.86 -60.41 0.92 0.59 0.61 1.84 0.00
0 0 16 83 -10.97 -56.04 0.92 0.59 0.61 1.84 0.00
0 0 14 83 -9.51 -51.73 0.92 0.59 0.61 1.84 0.00
0 0 37 83 -43.26 -56.70 0.92 0.59 0.61 1.84 0.00
0 0 6 84 -87.25 -90.44 0.92 0.59 0.61 1.84 0.00
0 0 14 84 -9.50 -51.71 0.92 0.59 0.61 1.84 0.00
0 0 15 84 -10.01 -60.56 0.92 0.59 0.61 1.84 0.00
0 0 16 84 -10.97 -56.04 0.92 0.59 0.61 1.84 0.00
0 0 14 84 -9.50 -51.73 0.92 0.59 0.61 1.84 0.00
0 0 37 84 -43.25 -56.73 0.92 0.59 0.61 1.84 0.00
0 0 6 85 -87.24 -90.45 0.92 0.59 0.61 1.84 0.00
0 0 14 85 -9.50 -51.71 0.92 0.59 0.61 1.84 0.00
0 0 15 85 -10.11 -60.69 0.92 0.59 0.61 1.84 0.00
0 0 16 85 -10.97 -56.04 0.92 0.59 0.61 1.84 0.00
0 0 14 85 -9.50 -51.73 0.92 0.59 0.61 1.84 0.00
0 0 37 85 -43.98 -56.84 0.92 0.59 0.61 1.84 0.00
0 0 6 86 -87.23 -90.46 0.92 0.59 0.61 1.84 0.00
0 0 14 86 -9.50 -51.71 0.92 0.59 0.61 1.84 0.00
0 0 15 86 -10.22 -60.84 0.92 0.59 0.61 1.84 0.00
0 0 16 86 -10.97 -56.04 0.92 0.59 0.61 1.84 0.00
0 0 14 86 -9.50 -51.73 0.92 0.59 0.61 1.84 0.00
0 0 37 86 -44.64 -56.93 0.92 0.59 0.61 1.84 0.00
0 0 6 87 -87.24 -90.47 0.92 0.59 0.61 1.84 0.00
0 0 14 87 -9.50 -51.71 0.92 0.59 0.61 1.84 0.00
0 0 15 87 -10.34 -61.03 0.92 0.59 0.61 1.84 0.00
0 0 16 87 -10.97 -56.04 0.92 0.59 0.61 1.84 0.00
0 0 14 87 -9.53 -51.73 0.92 0.59 0.61 1.84 0.00
0 0 37 87 -45.32 -57.02 0.92 0.59 0.61 1.84 0.00
0 0 6 88 -87.32 -90.48 0.92 0.59 0.61 1.84 0.00
0 0 14 88 -9.50 -51.71 0.92 0.59 0.61 1.84 0.00
0 0 15 88 -10.43 -61.19 0.92 0.59 0.61 1.84 0.00
0 0 16 88 -10.97 -56.04 0.92 0.59 0.61 1.84 0.00
0 0 14 88 -9.53 -51.73 0.92 0.59 0.61 1.84 0.00
0 0 6 89 -87.44 -90.49 0.92 0.59 0.61 1.84 0.00
0 0 14 89 -9.50 -51.71 0.92 0.59 0.61 1.84 0.00
0 0 15 89 -10.45 -61.27 0.92 0.59 0.61 1.84 0.00
0 0 16 89 -10.97 -56.04 0.92 0.59 0.61 1.84 0.00
0 0 14 89 -9.50 -51.74 0.92 0.59 0.61 1.84 0.00
0 0 6 90 -87.57 -90.50 0.92 0.59 0.61 1.84 0.00
0 0 14 90 -9.51 -51.70 0.92 0.59 0.61 1.84 0.00
0 0 15 90 -10.45 -61.34 0.92 0.59 0.61 1.84 0.00
0 0 16 90 -10.97 -56.04 0.92 0.59 0.61 1.84 0.00
0 0 14 90 -9.51 -51.73 0.92 0.59 0.61 1.84 0.00
0 0 6 91 -87.64 -90.51 0.92 0.59 0.61 1.84 0.00
0 0 14 91 -9.51 -51.70 0.92 0.59 0.61 1.84 0.00
0 0 15 91 -10.44 -61.34 0.92 0.59 0.61 1.84 0.00
0 0 16 91 -10.97 -56.04 0.92 0.59 0.61 1.84 0.00
0 0 14 91 -9.53 -51.72 0.92 0.59 0.61 1.84 0.00
0 0 6 92 -87.68 -90.53 0.92 0.59 0.61 1.84 0.00
0 0 14 92 -9.50 -51.70 0.92 0.59 0.61 1.84 0.00
0 0 15 92 -10.44 -61.36 0.92 0.59 0.61 1.84 0.00
0 1 34 92 -71.39 -13.14 1.29 1.14 2.06 2.58 0.00
0 0 14 92 -9.53 -51.72 0.92 0.59 0.61 1.84 0.00
0 0 15 92 -9.70 -60.80 0.92 0.59 0.61 1.84 0.00
0 0 6 93 -87.75 -90.54 0.92 0.59 0.61 1.84 0.00
0 0 14 93 -9.48 -51.71 0.92 0.59 0.61 1.84 0.00
0 0 15 93 -10.44 -61.38 0.92 0.59 0.61 1.84 0.00
0 1 34 93 -71.28 -13.14 1.29 1.14 2.06 2.58 0.00
0 0 14 93 -9.52 -51.72 0.92 0.59 0.61 1.84 0.00
0 0 15 93 -9.76 -60.89 0.92 0.59 0.61 1.84 0.00
0 0 6 94 -87.85 -90.54 0.92 0.59 0.61 1.84 0.00
0 0 14 94 -9.48 -51.71 0.92 0.59 0.61 1.84 0.00
0 0 15 94 -10.44 -61.39 0.92 0.59 0.61 1.84 0.00
0 0 14 94 -9.48 -51.73 0.92 0.59 0.61 1.84 0.00
0 0 15 94 -9.71 -60.90 0.92 0.59 0.61 1.84 0.00
0 0 6 95 -87.89 -90.55 0.92 0.59 0.61 1.84 0.00
0 0 14 95 -9.47 -51.71 0.92 0.59 0.61 1.84 0.00
0 0 15 95 -10.43 -61.40 0.92 0.59 0.61 1.84 0.00
0 0 14 95 -9.49 -51.73 0.92 0.59 0.61 1.84 0.00
0 0 15 95 -9.66 -60.90 0.92 0.59 0.61 1.84 0.00
0 0 16 95 -10.97 -56.05 0.92 0.59 0.61 1.84 0.00
0 0 6 96 -87.92 -90.57 0.92 0.59 0.61 1.84 0.00
0 0 14 96 -9.46 -51.71 0.92 0.59 0.61 1.84 0.00
0 0 16 96 -10.97 -56.04 0.92 0.59 0.61 1.84 0.00
0 0 14 96 -9.49 -51.73 0.92 0.59 0.61 1.84 0.00
0 0 6 97 -87.93 -90.58 0.92 0.59 0.61 1.84 0.00
0 0 14 97 -9.45 -51.71 0.92 0.59 0.61 1.84 0.00
0 0 16 97 -10.97 -56.04 0.92 0.59 0.61 1.84 0.00
0 0 14 97 -9.49 -51.73 0.92 0.59 0.61 1.84 0.00
0 0 6 98 -87.93 -90.60 0.92 0.59 0.61 1.84 0.00
0 0 14 98 -9.45 -51.71 0.92 0.59 0.61 1.84 0.00
0 1 34 98 -70.64 -13.29 1.29 1.14 2.06 2.58 0.00
0 0 14 98 -9.50 -51.73 0.92 0.59 0.61 1.84 0.00
0 0 6 99 -87.92 -90.61 0.92 0.59 0.61 1.84 0.00
0 0 14 99 -9.46 -51.71 0.92 0.59 0.61 1.84 0.00
0 1 34 99 -70.59 -13.30 1.29 1.14 2.06 2.58 0.00
0 0 14 99 -9.50 -51.74 0.92 0.59 0.61 1.84 0.00
0 0 6 100 -87.93 -90.62 0.92 0.59 0.61 1.84 0.00
0 0 14 100 -9.47 -51.71 0.92 0.59 0.61 1.84 0.00
0 1 34 100 -70.62 -13.29 1.29 1.14 2.06 2.58 0.00
0 0 14 100 -9.51 -51.74 0.92 0.59 0.61 1.84 0.00
0 0 6 101 -87.95 -90.64 0.92 0.59 0.61 1.84 0.00
0 0 14 101 -9.50 -51.71 0.92 0.59 0.61 1.84 0.00
0 0 20 101 -32.87 -49.04 0.92 0.59 0.61 1.84 0.00
0 1 21 101 -7.65 -59.05 1.29 1.14 2.06 2.58 0.00
0 1 34 101 -70.65 -13.27 1.29 1.14 2.06 2.58 0.00
0 0 14 101 -9.50 -51.74 0.92 0.59 0.61 1.84 0.00
0 0 6 102 -87.95 -90.65 0.92 0.59 0.61 1.84 0.00
0 0 14 102 -9.52 -51.70 0.92 0.59 0.61 1.84 0.00
0 0 20 102 -33.08 -49.02 0.92 0.59 0.61 1.84 0.00
0 1 34 102 -70.65 -13.28 1.29 1.14 2.06 2.58 0.00
0 0 14 102 -9.49 -51.74 0.92 0.59 0.61 1.84 0.00
0 0 6 103 -87.95 -90.66 0.92 0.59 0.61 1.84 0.00
0 0 14 103 -9.51 -51.71 0.92 0.59 0.61 1.84 0.00
0 0 16 103 -10.98 -56.05 0.92 0.59 0.61 1.84 0.00
0 0 20 103 -32.93 -49.07 0.92 0.59 0.61 1.84 0.00
0 1 34 103 -70.66 -13.26 1.29 1.14 2.06 2.58 0.00
0 0 14 103 -9.50 -51.74 0.92 0.59 0.61 1.84 0.00
0 0 6 104 -87.95 -90.67 0.92 0.59 0.61 1.84 0.00
0 0 14 104 -9.52 -51.71 0.92 0.59 0.61 1.84 0.00
0 0 20 104 -32.84 -49.10 0.92 0.59 0.61 1.84 0.00
0 1 34 104 -70.94 -13.42 1.29 1.14 2.06 2.58 0.00
0 0 14 104 -9.49 -51.74 0.92 0.59 0.61 1.84 0.00
0 0 6 105 -87.96 -90.67 0.92 0.59 0.61 1.84 0.00
0 0 14 105 -9.52 -51.71 0.92 0.59 0.61 1.84 0.00
0 0 20 105 -32.86 -49.11 0.92 0.59 0.61 1.84 0.00
0 1 34 105 -70.86 -13.35 1.29 1.14 2.06 2.58 0.00
0 0 14 105 -9.47 -51.74 0.92 0.59 0.61 1.84 0.00
0 0 16 105 -10.95 -56.05 0.92 0.59 0.61 1.84 0.00
0 0 6 106 -88.07 -90.67 0.92 0.59 0.61 1.84 0.00
0 0 14 106 -9.51 -51.71 0.92 0.59 0.61 1.84 0.00
0 1 34 106 -70.83 -13.32 1.29 1.14 2.06 2.58 0.00
0 0 14 106 -9.45 -51.75 0.92 0.59 0.61 1.84 0.00
0 0 6 107 -88.18 -90.67 0.92 0.59 0.61 1.84 0.00
0 0 14 107 -9.51 -51.71 0.92 0.59 0.61 1.84 0.00
0 0 16 107 -11.01 -56.05 0.92 0.59 0.61 1.84 0.00
0 1 34 107 -70.77 -13.35 1.29 1.14 2.06 2.58 0.00
0 0 14 107 -9.45 -51.75 0.92 0.59 0.61 1.84 0.00
0 0 6 108 -88.30 -90.67 0.92 0.59 0.61 1.84 0.00
0 0 14 108 -9.51 -51.71 0.92 0.59 0.61 1.84 0.00
0 0 16 108 -11.01 -56.05 0.92 0.59 0.61 1.84 0.00
0 1 34 108 -70.77 -13.33 1.29 1.14 2.06 2.58 0.00
0 0 14 108 -9.48 -51.74 0.92 0.59 0.61 1.84 0.00
0 0 6 109 -88.40 -90.67 0.92 0.59 0.61 1.84 0.00
0 0 14 109 -9.49 -51.71 0.92 0.59 0.61 1.84 0.00
0 0 16 109 -10.99 -56.05 0.92 0.59 0.61 1.84 0.00
0 1 34 109 -70.78 -13.33 1.29 1.14 2.06 2.58 0.00
0 0 14 109 -9.51 -51.74 0.92 0.59 0.61 1.84 0.00
0 0 16 109 -10.95 -56.05 0.92 0.59 0.61 1.84 0.00
0 0 6 110 -88.47 -90.67 0.92 0.59 0.61 1.84 0.00
0 0 14 110 -9.49 -51.71 0.92 0.59 0.61 1.84 0.00
0 0 16 110 -10.99 -56.05 0.92 0.59 0.61 1.84 0.00
0 1 34 110 -70.79 -13.30 1.29 1.14 2.06 2.58 0.00
0 0 14 110 -9.52 -51.74 0.92 0.59 0.61 1.84 0.00
0 0 16 110 -10.96 -56.05 0.92 0.59 0.61 1.84 0.00
0 0 6 111 -88.47 -90.68 0.92 0.59 0.61 1.84 0.00
0 0 14 111 -9.49 -51.71 0.92 0.59 0.61 1.84 0.00
0 0 16 111 -10.98 -56.05 0.92 0.59 0.61 1.84 0.00
0 0 22 111 -36.80 -45.49 0.92 0.59 0.61 1.84 0.00
0 1 34 111 -70.83 -13.27 1.29 1.14 2.06 2.58 0.00
0 0 14 111 -9.51 -51.74 0.92 0.59 0.61 1.84 0.00
0 0 16 111 -10.98 -56.06 0.92 0.59 0.61 1.84 0.00
0 0 6 112 -88.51 -90.68 0.92 0.59 0.61 1.84 0.00
0 0 14 112 -9.46 -51.72 0.92 0.59 0.61 1.84 0.00
0 0 16 112 -10.98 -56.05 0.92 0.59 0.61 1.84 0.00
0 0 22 112 -36.85 -45.43 0.92 0.59 0.61 1.84 0.00
0 1 34 112 -70.86 -13.27 1.29 1.14 2.06 2.58 0.00
0 0 14 112 -9.50 -51.74 0.92 0.59 0.61 1.84 0.00
0 0 16 112 -10.99 -56.08 0.92 0.59 0.61 1.84 0.00
0 0 6 113 -88.56 -90.68 0.92 0.59 0.61 1.84 0.00
0 0 14 113 -9.44 -51.71 0.92 0.59 0.61 1.84 0.00
0 0 16 113 -10.98 -56.05 0.92 0.59 0.61 1.84 0.00
0 0 22 113 -36.83 -45.39 0.92 0.59 0.61 1.84 0.00
0 1 34 113 -70.87 -13.28 1.29 1.14 2.06 2.58 0.00
0 0 14 113 -9.52 -51.73 0.92 0.59 0.61 1.84 0.00
0 0 6 114 -88.61 -90.68 0.92 0.59 0.61 1.84 0.00
0 0 14 114 -9.45 -51.70 0.92 0.59 0.61 1.84 0.00
0 1 34 114 -70.84 -13.28 1.29 1.14 2.06 2.58 0.00
0 0 14 114 -9.43 -51.74 0.92 0.59 0.61 1.84 0.00
0 0 6 115 -88.67 -90.68 0.92 0.59 0.61 1.84 0.00
0 0 14 115 -9.48 -51.69 0.92 0.59 0.61 1.84 0.00
0 1 34 115 -70.80 -13.32 1.29 1.14 2.06 2.58 0.00
0 0 14 115 -9.41 -51.74 0.92 0.59 0.61 1.84 0.00
0 0 6 116 -88.72 -90.68 0.92 0.59 0.61 1.84 0.00
0 0 14 116 -9.49 -51.69 0.92 0.59 0.61 1.84 0.00
0 0 14 116 -9.41 -51.73 0.92 0.59 0.61 1.84 0.00
0 0 6 117 -88.74 -90.68 0.92 0.59 0.61 1.84 0.00
0 0 14 117 -9.48 -51.69 0.92 0.59 0.61 1.84 0.00
0 0 14 117 -9.39 -51.74 0.92 0.59 0.61 1.84 0.00
0 0 6 118 -88.74 -90.68 0.92 0.59 0.61 1.84 0.00
0 0 14 118 -9.50 -51.69 0.92 0.59 0.61 1.84 0.00
0 0 14 118 -9.41 -51.73 0.92 0.59 0.61 1.84 0.00
0 0 6 119 -88.77 -90.68 0.92 0.59 0.61 1.84 0.00
0 0 14 119 -9.49 -51.69 0.92 0.59 0.61 1.84 0.00
0 0 14 119 -9.42 -51.73 0.92 0.59 0.61 1.84 0.00
0 0 6 120 -88.79 -90.69 0.92 0.59 0.61 1.84 0.00
0 0 14 120 -9.49 -51.69 0.92 0.59 0.61 1.84 0.00
0 0 14 120 -9.43 -51.73 0.92 0.59 0.61 1.84 0.00
0 0 38 120 -36.88 -45.12 0.92 0.59 0.61 1.84 0.00
0 0 6 121 -88.83 -90.69 0.92 0.59 0.61 1.84 0.00
0 0 14 121 -9.45 -51.68 0.92 0.59 0.61 1.84 0.00
0 0 14 121 -9.42 -51.73 0.92 0.59 0.61 1.84 0.00
0 0 38 121 -36.61 -45.16 0.92 0.59 0.61 1.84 0.00
0 0 6 122 -88.84 -90.69 0.92 0.59 0.61 1.84 0.00
0 0 14 122 -9.43 -51.68 0.92 0.59 0.61 1.84 0.00
0 0 14 122 -9.41 -51.72 0.92 0.59 0.61 1.84 0.00
0 0 38 122 -36.44 -45.15 0.92 0.59 0.61 1.84 0.00
0 0 6 123 -88.84 -90.70 0.92 0.59 0.61 1.84 0.00
0 0 14 123 -9.41 -51.68 0.92 0.59 0.61 1.84 0.00
0 0 14 123 -9.40 -51.72 0.92 0.59 0.61 1.84 0.00
0 0 6 124 -88.85 -90.71 0.92 0.59 0.61 1.84 0.00
0 0 14 124 -9.43 -51.68 0.92 0.59 0.61 1.84 0.00
0 1 34 124 -71.21 -13.55 1.29 1.14 2.06 2.58 0.00
0 0 14 124 -9.43 -51.72 0.92 0.59 0.61 1.84 0.00
0 0 6 125 -88.92 -90.71 0.92 0.59 0.61 1.84 0.00
0 0 14 125 -9.52 -51.67 0.92 0.59 0.61 1.84 0.00
0 0 23 125 -32.60 -49.81 0.92 0.59 0.61 1.84 0.00
0 1 34 125 -71.31 -13.57 1.29 1.14 2.06 2.58 0.00
0 0 14 125 -9.47 -51.71 0.92 0.59 0.61 1.84 0.00
0 0 6 126 -89.01 -90.71 0.92 0.59 0.61 1.84 0.00
0 0 14 126 -9.58 -51.66 0.92 0.59 0.61 1.84 0.00
0 0 23 126 -32.67 -49.82 0.92 0.59 0.61 1.84 0.00
0 0 14 126 -9.54 -51.70 0.92 0.59 0.61 1.84 0.00
0 0 6 127 -89.11 -90.71 0.92 0.59 0.61 1.84 0.00
0 0 14 127 -9.63 -51.65 0.92 0.59 0.61 1.84 0.00
0 0 24 127 -64.83 -54.03 0.92 0.59 0.61 1.84 0.00
0 0 14 127 -9.60 -51.69 0.92 0.59 0.61 1.84 0.00
0 0 6 128 -89.18 -90.72 0.92 0.59 0.61 1.84 0.00
0 0 14 128 -9.66 -51.64 0.92 0.59 0.61 1.84 0.00
0 0 23 128 -32.61 -49.95 0.92 0.59 0.61 1.84 0.00
0 1 34 128 -71.35 -13.55 1.29 1.14 2.06 2.58 0.00
0 0 14 128 -9.66 -51.68 0.92 0.59 0.61 1.84 0.00
0 0 6 129 -89.26 -90.72 0.92 0.59 0.61 1.84 0.00
0 0 14 129 -9.66 -51.65 0.92 0.59 0.61 1.84 0.00
0 0 23 129 -32.78 -49.97 0.92 0.59 0.61 1.84 0.00
0 0 14 129 -9.71 -51.68 0.92 0.59 0.61 1.84 0.00
0 0 39 129 -46.15 -54.35 0.92 0.59 0.61 1.84 0.00
0 0 6 130 -89.33 -90.72 0.92 0.59 0.61 1.84 0.00
0 0 14 130 -9.68 -51.65 0.92 0.59 0.61 1.84 0.00
0 1 34 130 -71.36 -13.54 1.29 1.14 2.06 2.58 0.00
0 0 14 130 -9.73 -51.68 0.92 0.59 0.61 1.84 0.00
0 0 39 130 -45.42 -54.33 0.92 0.59 0.61 1.84 0.00
0 0 6 131 -89.40 -90.72 0.92 0.59 0.61 1.84 0.00
0 0 14 131 -9.69 -51.65 0.92 0.59 0.61 1.84 0.00
0 0 14 131 -9.71 -51.68 0.92 0.59 0.61 1.84 0.00
0 0 6 132 -89.45 -90.73 0.92 0.59 0.61 1.84 0.00
0 0 14 132 -9.70 -51.66 0.92 0.59 0.61 1.84 0.00
0 0 14 132 -9.73 -51.68 0.92 0.59 0.61 1.84 0.00
0 0 6 133 -89.45 -90.75 0.92 0.59 0.61 1.84 0.00
0 0 14 133 -9.69 -51.66 0.92 0.59 0.61 1.84 0.00
0 0 25 133 -47.23 -54.48 0.92 0.59 0.61 1.84 0.00
0 0 14 133 -9.75 -51.68 0.92 0.59 0.61 1.84 0.00
0 0 6 134 -89.48 -90.77 0.92 0.59 0.61 1.84 0.00
0 0 14 134 -9.75 -51.65 0.92 0.59 0.61 1.84 0.00
0 0 14 134 -9.76 -51.68 0.92 0.59 0.61 1.84 0.00
0 0 6 135 -89.50 -90.79 0.92 0.59 0.61 1.84 0.00
0 0 14 135 -9.76 -51.66 0.92 0.59 0.61 1.84 0.00
0 1 34 135 -71.28 -13.58 1.29 1.14 2.06 2.58 0.00
0 0 14 135 -9.76 -51.69 0.92 0.59 0.61 1.84 0.00
0 0 6 136 -89.52 -90.80 0.92 0.59 0.61 1.84 0.00
0 0 14 136 -9.78 -51.66 0.92 0.59 0.61 1.84 0.00
0 1 34 136 -71.25 -13.60 1.29 1.14 2.06 2.58 0.00
0 0 14 136 -9.80 -51.68 0.92 0.59 0.61 1.84 0.00
0 0 6 137 -89.54 -90.82 0.92 0.59 0.61 1.84 0.00
0 0 14 137 -9.80 -51.67 0.92 0.59 0.61 1.84 0.00
0 1 34 137 -71.22 -13.59 1.29 1.14 2.06 2.58 0.00
0 0 14 137 -9.80 -51.69 0.92 0.59 0.61 1.84 0.00
0 0 38 137 -36.45 -44.57 0.92 0.59 0.61 1.84 0.00
0 0 6 138 -89.55 -90.83 0.92 0.59 0.61 1.84 0.00
0 0 14 138 -9.83 -51.67 0.92 0.59 0.61 1.84 0.00
0 0 16 138 -10.98 -56.06 0.92 0.59 0.61 1.84 0.00
0 1 34 138 -71.23 -13.57 1.29 1.14 2.06 2.58 0.00
0 0 14 138 -9.84 -51.69 0.92 0.59 0.61 1.84 0.00
0 0 6 139 -89.57 -90.84 0.92 0.59 0.61 1.84 0.00
0 0 14 139 -9.89 -51.67 0.92 0.59 0.61 1.84 0.00
0 1 34 139 -71.24 -13.55 1.29 1.14 2.06 2.58 0.00
0 0 14 139 -9.83 -51.69 0.92 0.59 0.61 1.84 0.00
0 0 6 140 -89.58 -90.86 0.92 0.59 0.61 1.84 0.00
0 0 14 140 -9.95 -51.67 0.92 0.59 0.61 1.84 0.00
0 0 14 140 -9.86 -51.69 0.92 0.59 0.61 1.84 0.00
0 0 6 141 -89.57 -90.88 0.92 0.59 0.61 1.84 0.00
0 0 14 141 -10.03 -51.66 0.92 0.59 0.61 1.84 0.00
0 0 14 141 -9.89 -51.69 0.92 0.59 0.61 1.84 0.00
0 0 6 142 -89.61 -90.89 0.92 0.59 0.61 1.84 0.00
0 0 1 142 -58.68 -91.63 0.92 0.59 0.61 1.84 0.00
0 0 7 142 -55.79 -89.63 0.92 0.59 0.61 1.84 0.00
0 0 14 142 -10.11 -51.64 0.92 0.59 0.61 1.84 0.00
0 0 14 142 -9.98 -51.68 0.92 0.59 0.61 1.84 0.00
0 0 6 143 -89.70 -90.89 0.92 0.59 0.61 1.84 0.00
0 0 1 143 -58.85 -91.61 0.92 0.59 0.61 1.84 0.00
0 0 7 143 -55.66 -89.64 0.92 0.59 0.61 1.84 0.00
0 0 1 143 -59.16 -91.43 0.92 0.59 0.61 1.84 0.00
0 0 14 143 -10.22 -51.63 0.92 0.59 0.61 1.84 0.00
0 0 14 143 -10.14 -51.66 0.92 0.59 0.61 1.84 0.00
0 0 6 144 -89.81 -90.89 0.92 0.59 0.61 1.84 0.00
0 0 1 144 -58.97 -91.54 0.92 0.59 0.61 1.84 0.00
0 0 7 144 -55.73 -89.63 0.92 0.59 0.61 1.84 0.00
0 0 1 144 -59.22 -91.35 0.92 0.59 0.61 1.84 0.00
0 0 14 144 -10.34 -51.61 0.92 0.59 0.61 1.84 0.00
0 0 14 144 -10.30 -51.65 0.92 0.59 0.61 1.84 0.00
0 0 6 145 -89.92 -90.89 0.92 0.59 0.61 1.84 0.00
0 0 7 145 -55.78 -89.63 0.92 0.59 0.61 1.84 0.00
0 0 1 145 -59.15 -91.28 0.92 0.59 0.61 1.84 0.00
0 0 14 145 -10.43 -51.59 0.92 0.59 0.61 1.84 0.00
0 0 14 145 -10.43 -51.63 0.92 0.59 0.61 1.84 0.00
0 0 1 146 -59.64 -91.24 0.92 0.59 0.61 1.84 0.00
0 0 6 146 -90.01 -90.88 0.92 0.59 0.61 1.84 0.00
0 0 7 146 -55.97 -89.63 0.92 0.59 0.61 1.84 0.00
0 0 1 146 -58.95 -91.26 0.92 0.59 0.61 1.84 0.00
0 0 14 146 -10.48 -51.59 0.92 0.59 0.61 1.84 0.00
0 0 14 146 -10.49 -51.62 0.92 0.59 0.61 1.84 0.00
0 0 1 147 -59.50 -91.22 0.92 0.59 0.61 1.84 0.00
0 0 6 147 -90.06 -90.89 0.92 0.59 0.61 1.84 0.00
0 0 1 147 -59.31 -91.27 0.92 0.59 0.61 1.84 0.00
0 0 1 147 -58.93 -91.21 0.92 0.59 0.61 1.84 0.00
0 0 14 147 -10.51 -51.58 0.92 0.59 0.61 1.84 0.00
0 0 14 147 -10.55 -51.61 0.92 0.59 0.61 1.84 0.00
0 0 1 148 -59.45 -91.18 0.92 0.59 0.61 1.84 0.00
0 0 6 148 -90.10 -90.89 0.92 0.59 0.61 1.84 0.00
0 0 1 148 -59.05 -91.13 0.92 0.59 0.61 1.84 0.00
0 0 14 148 -10.53 -51.57 0.92 0.59 0.61 1.84 0.00
0 0 14 148 -10.60 -51.60 0.92 0.59 0.61 1.84 0.00
0 0 26 148 -45.63 -54.88 0.92 0.59 0.61 1.84 0.00
0 0 40 148 -16.64 -57.80 0.92 0.59 0.61 1.84 0.00
0 0 1 149 -59.33 -91.16 0.92 0.59 0.61 1.84 0.00
0 0 6 149 -90.14 -90.88 0.92 0.59 0.61 1.84 0.00
0 0 1 149 -59.10 -91.11 0.92 0.59 0.61 1.84 0.00
0 0 14 149 -10.57 -51.56 0.92 0.59 0.61 1.84 0.00
0 0 16 149 -10.98 -56.05 0.92 0.59 0.61 1.84 0.00
0 0 14 149 -10.50 -51.61 0.92 0.59 0.61 1.84 0.00
0 0 26 149 -46.17 -54.89 0.92 0.59 0.61 1.84 0.00
0 0 1 150 -59.07 -91.12 0.92 0.59 0.61 1.84 0.00
0 0 6 150 -90.19 -90.88 0.92 0.59 0.61 1.84 0.00
0 0 1 150 -59.21 -91.08 0.92 0.59 0.61 1.84 0.00
0 0 14 150 -10.59 -51.55 0.92 0.59 0.61 1.84 0.00
0 0 14 150 -10.54 -51.60 0.92 0.59 0.61 1.84 0.00
0 0 26 150 -45.72 -54.91 0.92 0.59 0.61 1.84 0.00
0 0 1 151 -59.20 -91.08 0.92 0.59 0.61 1.84 0.00
0 0 6 151 -90.23 -90.88 0.92 0.59 0.61 1.84 0.00
0 0 1 151 -58.98 -91.09 0.92 0.59 0.61 1.84 0.00
0 0 14 151 -10.62 -51.54 0.92 0.59 0.61 1.84 0.00
0 0 14 151 -10.61 -51.58 0.92 0.59 0.61 1.84 0.00
0 0 26 151 -46.07 -54.91 0.92 0.59 0.61 1.84 0.00
0 0 1 152 -59.34 -91.02 0.92 0.59 0.61 1.84 0.00
0 0 6 152 -90.24 -90.88 0.92 0.59 0.61 1.84 0.00
0 0 14 152 -10.65 -51.52 0.92 0.59 0.61 1.84 0.00
0 0 26 152 -46.53 -54.97 0.92 0.59 0.61 1.84 0.00
0 0 14 152 -10.73 -51.54 0.92 0.59 0.61 1.84 0.00
0 0 26 152 -45.58 -54.89 0.92 0.59 0.61 1.84 0.00
0 0 6 153 -90.25 -90.88 0.92 0.59 0.61 1.84 0.00
0 0 14 153 -10.67 -51.51 0.92 0.59 0.61 1.84 0.00
0 0 16 153 -10.97 -56.05 0.92 0.59 0.61 1.84 0.00
0 0 26 153 -46.88 -54.99 0.92 0.59 0.61 1.84 0.00
0 0 27 153 -47.25 -55.00 0.92 0.59 0.61 1.84 0.00
0 0 14 153 -10.70 -51.53 0.92 0.59 0.61 1.84 0.00
0 0 26 153 -45.27 -54.89 0.92 0.59 0.61 1.84 0.00
0 0 6 154 -90.27 -90.88 0.92 0.59 0.61 1.84 0.00
0 0 1 154 -58.30 -91.03 0.92 0.59 0.61 1.84 0.00
0 0 14 154 -10.69 -51.48 0.92 0.59 0.61 1.84 0.00
0 0 16 154 -10.97 -56.05 0.92 0.59 0.61 1.84 0.00
0 0 26 154 -47.15 -55.01 0.92 0.59 0.61 1.84 0.00
0 0 14 154 -10.70 -51.51 0.92 0.59 0.61 1.84 0.00
0 0 26 154 -45.69 -54.92 0.92 0.59 0.61 1.84 0.00
0 0 1 155 -59.09 -90.85 0.92 0.59 0.61 1.84 0.00
0 0 6 155 -90.29 -90.88 0.92 0.59 0.61 1.84 0.00
0 0 14 155 -10.78 -51.45 0.92 0.59 0.61 1.84 0.00
0 0 16 155 -10.96 -56.05 0.92 0.59 0.61 1.84 0.00
0 0 26 155 -47.32 -55.03 0.92 0.59 0.61 1.84 0.00
0 0 14 155 -10.69 -51.51 0.92 0.59 0.61 1.84 0.00
0 0 26 155 -45.93 -54.96 0.92 0.59 0.61 1.84 0.00
0 0 1 156 -59.06 -90.81 0.92 0.59 0.61 1.84 0.00
0 0 6 156 -90.30 -90.88 0.92 0.59 0.61 1.84 0.00
0 0 14 156 -10.81 -51.41 0.92 0.59 0.61 1.84 0.00
0 0 16 156 -10.96 -56.06 0.92 0.59 0.61 1.84 0.00
0 0 26 156 -47.15 -55.04 0.92 0.59 0.61 1.84 0.00
0 0 14 156 -10.68 -51.50 0.92 0.59 0.61 1.84 0.00
0 0 1 157 -58.51 -90.78 0.92 0.59 0.61 1.84 0.00
0 0 6 157 -90.32 -90.88 0.92 0.59 0.61 1.84 0.00
0 0 1 157 -58.31 -90.83 0.92 0.59 0.61 1.84 0.00
0 0 14 157 -10.83 -51.35 0.92 0.59 0.61 1.84 0.00
0 0 16 157 -10.97 -56.06 0.92 0.59 0.61 1.84 0.00
0 0 26 157 -47.07 -55.04 0.92 0.59 0.61 1.84 0.00
0 0 14 157 -10.66 -51.48 0.92 0.59 0.61 1.84 0.00
0 0 1 158 -58.44 -90.74 0.92 0.59 0.61 1.84 0.00
0 0 6 158 -90.32 -90.88 0.92 0.59 0.61 1.84 0.00
0 0 1 158 -58.44 -90.74 0.92 0.59 0.61 1.84 0.00
0 0 14 158 -10.90 -51.32 0.92 0.59 0.61 1.84 0.00
0 0 16 158 -10.98 -56.06 0.92 0.59 0.61 1.84 0.00
0 0 26 158 -47.31 -55.07 0.92 0.59 0.61 1.84 0.00
0 0 14 158 -10.67 -51.47 0.92 0.59 0.61 1.84 0.00
0 0 1 159 -58.19 -90.67 0.92 0.59 0.61 1.84 0.00
0 0 6 159 -90.33 -90.89 0.92 0.59 0.61 1.84 0.00
0 0 1 159 -58.67 -90.68 0.92 0.59 0.61 1.84 0.00
0 0 14 159 -10.94 -51.30 0.92 0.59 0.61 1.84 0.00
0 0 26 159 -47.93 -55.11 0.92 0.59 0.61 1.84 0.00
0 0 14 159 -10.77 -51.45 0.92 0.59 0.61 1.84 0.00
0 0 1 160 -58.41 -90.63 0.92 0.59 0.61 1.84 0.00
0 0 6 160 -90.34 -90.90 0.92 0.59 0.61 1.84 0.00
0 0 1 160 -58.84 -90.61 0.92 0.59 0.61 1.84 0.00
0 0 14 160 -11.02 -51.30 0.92 0.59 0.61 1.84 0.00
0 0 26 160 -48.02 -55.15 0.92 0.59 0.61 1.84 0.00
0 0 14 160 -10.93 -51.42 0.92 0.59 0.61 1.84 0.00
0 0 26 160 -47.20 -55.08 0.92 0.59 0.61 1.84 0.00
0 0 6 161 -90.36 -90.91 0.92 0.59 0.61 1.84 0.00
0 0 1 161 -58.89 -90.57 0.92 0.59 0.61 1.84 0.00
0 0 14 161 -11.08 -51.30 0.92 0.59 0.61 1.84 0.00
0 0 26 161 -47.47 -55.16 0.92 0.59 0.61 1.84 0.00
0 0 14 161 -11.01 -51.39 0.92 0.59 0.61 1.84 0.00
0 0 6 162 -90.42 -90.91 0.92 0.59 0.61 1.84 0.00
0 0 1 162 -58.62 -90.53 0.92 0.59 0.61 1.84 0.00
0 0 14 162 -11.15 -51.28 0.92 0.59 0.61 1.84 0.00
0 0 16 162 -10.97 -56.05 0.92 0.59 0.61 1.84 0.00
0 0 26 162 -47.06 -55.17 0.92 0.59 0.61 1.84 0.00
0 0 14 162 -11.13 -51.34 0.92 0.59 0.61 1.84 0.00
0 0 6 163 -90.49 -90.91 0.92 0.59 0.61 1.84 0.00
0 0 1 163 -58.51 -90.49 0.92 0.59 0.61 1.84 0.00
0 0 14 163 -11.17 -51.26 0.92 0.59 0.61 1.84 0.00
0 0 16 163 -10.97 -56.05 0.92 0.59 0.61 1.84 0.00
0 0 26 163 -46.78 -55.17 0.92 0.59 0.61 1.84 0.00
0 0 14 163 -11.25 -51.29 0.92 0.59 0.61 1.84 0.00
0 0 26 163 -47.39 -55.18 0.92 0.59 0.61 1.84 0.00
0 0 6 164 -90.55 -90.91 0.92 0.59 0.61 1.84 0.00
0 0 1 164 -58.43 -90.46 0.92 0.59 0.61 1.84 0.00
0 0 14 164 -11.17 -51.21 0.92 0.59 0.61 1.84 0.00
0 0 16 164 -10.97 -56.05 0.92 0.59 0.61 1.84 0.00
0 0 26 164 -46.61 -55.18 0.92 0.59 0.61 1.84 0.00
0 0 14 164 -11.27 -51.24 0.92 0.59 0.61 1.84 0.00
0 0 26 164 -47.10 -55.17 0.92 0.59 0.61 1.84 0.00
0 0 6 165 -90.64 -90.91 0.92 0.59 0.61 1.84 0.00
0 0 1 165 -58.54 -90.44 0.92 0.59 0.61 1.84 0.00
0 0 14 165 -11.16 -51.16 0.92 0.59 0.61 1.84 0.00
0 0 16 165 -10.97 -56.04 0.92 0.59 0.61 1.84 0.00
0 0 26 165 -46.56 -55.19 0.92 0.59 0.61 1.84 0.00
0 0 14 165 -11.32 -51.17 0.92 0.59 0.61 1.84 0.00
0 0 26 165 -47.46 -55.17 0.92 0.59 0.61 1.84 0.00
0 0 6 166 -90.71 -90.92 0.92 0.59 0.61 1.84 0.00
0 0 1 166 -58.52 -90.43 0.92 0.59 0.61 1.84 0.00
0 0 14 166 -11.18 -51.12 0.92 0.59 0.61 1.84 0.00
0 0 16 166 -10.97 -56.05 0.92 0.59 0.61 1.84 0.00
0 0 26 166 -46.54 -55.19 0.92 0.59 0.61 1.84 0.00
0 0 14 166 -11.32 -51.12 0.92 0.59 0.61 1.84 0.00
0 0 26 166 -47.61 -55.17 0.92 0.59 0.61 1.84 0.00
0 0 6 167 -90.76 -90.92 0.92 0.59 0.61 1.84 0.00
0 0 1 167 -58.32 -90.42 0.92 0.59 0.61 1.84 0.00
0 0 14 167 -11.18 -51.10 0.92 0.59 0.61 1.84 0.00
0 0 26 167 -46.48 -55.20 0.92 0.59 0.61 1.84 0.00
0 0 14 167 -11.26 -51.10 0.92 0.59 0.61 1.84 0.00
0 0 26 167 -48.35 -55.18 0.92 0.59 0.61 1.84 0.00
0 0 6 168 -90.85 -90.93 0.92 0.59 0.61 1.84 0.00
0 0 1 168 -58.30 -90.40 0.92 0.59 0.61 1.84 0.00
0 0 14 168 -11.20 -51.06 0.92 0.59 0.61 1.84 0.00
0 0 26 168 -46.39 -55.22 0.92 0.59 0.61 1.84 0.00
0 0 14 168 -11.23 -51.09 0.92 0.59 0.61 1.84 0.00
0 0 26 168 -50.09 -55.24 0.92 0.59 0.61 1.84 0.00
0 0 6 169 -90.93 -90.93 0.92 0.59 0.61 1.84 0.00
0 0 14 169 -11.22 -51.02 0.92 0.59 0.61 1.84 0.00
0 0 26 169 -46.35 -55.22 0.92 0.59 0.61 1.84 0.00
0 0 14 169 -11.27 -51.06 0.92 0.59 0.61 1.84 0.00
0 0 1 170 -58.48 -90.33 0.92 0.59 0.61 1.84 0.00
0 0 6 170 -90.98 -90.93 0.92 0.59 0.61 1.84 0.00
0 0 14 170 -11.23 -50.99 0.92 0.59 0.61 1.84 0.00
0 0 26 170 -46.27 -55.23 0.92 0.59 0.61 1.84 0.00
0 0 14 170 -11.22 -51.04 0.92 0.59 0.61 1.84 0.00
0 0 26 170 -46.10 -55.21 0.92 0.59 0.61 1.84 0.00
0 0 1 171 -58.75 -90.29 0.92 0.59 0.61 1.84 0.00
0 0 6 171 -91.01 -90.94 0.92 0.59 0.61 1.84 0.00
0 0 14 171 -11.22 -50.99 0.92 0.59 0.61 1.84 0.00
0 0 26 171 -46.24 -55.25 0.92 0.59 0.61 1.84 0.00
0 0 14 171 -11.18 -51.02 0.92 0.59 0.61 1.84 0.00
0 0 26 171 -45.52 -55.23 0.92 0.59 0.61 1.84 0.00
0 0 1 172 -58.89 -90.21 0.92 0.59 0.61 1.84 0.00
0 0 6 172 -91.02 -90.96 0.92 0.59 0.61 1.84 0.00
0 0 14 172 -11.17 -50.99 0.92 0.59 0.61 1.84 0.00
0 0 26 172 -46.16 -55.27 0.92 0.59 0.61 1.84 0.00
0 0 14 172 -11.15 -51.02 0.92 0.59 0.61 1.84 0.00
0 0 26 172 -45.38 -55.24 0.92 0.59 0.61 1.84 0.00
0 0 6 173 -91.03 -90.97 0.92 0.59 0.61 1.84 0.00
0 0 8 173 -61.50 -88.81 0.92 0.59 0.61 1.84 0.00
0 0 14 173 -11.18 -50.95 0.92 0.59 0.61 1.84 0.00
0 0 26 173 -46.22 -55.29 0.92 0.59 0.61 1.84 0.00
0 0 14 173 -11.13 -51.00 0.92 0.59 0.61 1.84 0.00
0 0 26 173 -45.39 -55.25 0.92 0.59 0.61 1.84 0.00
0 0 6 174 -91.03 -90.98 0.92 0.59 0.61 1.84 0.00
0 0 1 174 -58.30 -90.13 0.92 0.59 0.61 1.84 0.00
0 0 14 174 -11.19 -50.92 0.92 0.59 0.61 1.84 0.00
0 0 26 174 -46.21 -55.30 0.92 0.59 0.61 1.84 0.00
0 0 14 174 -11.13 -50.97 0.92 0.59 0.61 1.84 0.00
0 0 6 175 -91.04 -91.00 0.92 0.59 0.61 1.84 0.00
0 0 14 175 -11.20 -50.89 0.92 0.59 0.61 1.84 0.00
0 0 26 175 -46.17 -55.31 0.92 0.59 0.61 1.84 0.00
0 0 14 175 -11.12 -50.96 0.92 0.59 0.61 1.84 0.00
0 0 26 175 -45.61 -55.28 0.92 0.59 0.61 1.84 0.00
0 0 6 176 -91.04 -91.01 0.92 0.59 0.61 1.84 0.00
0 0 14 176 -11.21 -50.86 0.92 0.59 0.61 1.84 0.00
0 0 14 176 -11.15 -50.93 0.92 0.59 0.61 1.84 0.00
0 0 26 176 -46.02 -55.32 0.92 0.59 0.61 1.84 0.00
0 0 1 177 -57.94 -88.98 0.92 0.59 0.61 1.84 0.00
0 0 6 177 -91.05 -91.03 0.92 0.59 0.61 1.84 0.00
0 0 14 177 -11.24 -50.83 0.92 0.59 0.61 1.84 0.00
0 0 26 177 -46.22 -55.36 0.92 0.59 0.61 1.84 0.00
0 0 14 177 -11.23 -50.88 0.92 0.59 0.61 1.84 0.00
0 0 6 178 -91.07 -91.04 0.92 0.59 0.61 1.84 0.00
0 0 1 178 -58.86 -89.89 0.92 0.59 0.61 1.84 0.00
0 0 14 178 -11.31 -50.78 0.92 0.59 0.61 1.84 0.00
0 0 14 178 -11.33 -50.82 0.92 0.59 0.61 1.84 0.00
0 0 26 178 -46.10 -55.40 0.92 0.59 0.61 1.84 0.00
0 0 6 179 -91.10 -91.04 0.92 0.59 0.61 1.84 0.00
0 0 1 179 -58.66 -89.83 0.92 0.59 0.61 1.84 0.00
0 0 14 179 -11.40 -50.71 0.92 0.59 0.61 1.84 0.00
0 0 14 179 -11.42 -50.75 0.92 0.59 0.61 1.84 0.00
0 0 26 179 -46.40 -55.46 0.92 0.59 0.61 1.84 0.00
0 0 41 179 -15.60 -49.74 0.92 0.59 0.61 1.84 0.00
0 0 6 180 -91.19 -91.03 0.92 0.59 0.61 1.84 0.00
0 0 14 180 -11.49 -50.64 0.92 0.59 0.61 1.84 0.00
0 0 26 180 -45.98 -55.38 0.92 0.59 0.61 1.84 0.00
0 0 26 180 -46.65 -55.52 0.92 0.59 0.61 1.84 0.00
0 0 41 180 -16.21 -49.57 0.92 0.59 0.61 1.84 0.00
0 0 6 181 -91.32 -91.02 0.92 0.59 0.61 1.84 0.00
0 0 14 181 -11.56 -50.55 0.92 0.59 0.61 1.84 0.00
0 0 26 181 -45.80 -55.36 0.92 0.59 0.61 1.84 0.00
0 0 14 181 -11.45 -50.59 0.92 0.59 0.61 1.84 0.00
0 0 26 181 -46.23 -55.51 0.92 0.59 0.61 1.84 0.00
0 0 41 181 -16.57 -49.44 0.92 0.59 0.61 1.84 0.00
0 0 1 182 -57.96 -89.04 0.92 0.59 0.61 1.84 0.00
0 0 6 182 -91.48 -91.00 0.92 0.59 0.61 1.84 0.00
0 0 14 182 -11.55 -50.49 0.92 0.59 0.61 1.84 0.00
0 0 26 182 -45.58 -55.37 0.92 0.59 0.61 1.84 0.00
0 0 14 182 -11.55 -50.49 0.92 0.59 0.61 1.84 0.00
0 0 26 182 -45.93 -55.49 0.92 0.59 0.61 1.84 0.00
0 0 41 182 -16.62 -49.37 0.92 0.59 0.61 1.84 0.00
0 0 6 183 -91.54 -90.99 0.92 0.59 0.61 1.84 0.00
0 0 14 183 -11.43 -50.45 0.92 0.59 0.61 1.84 0.00
0 0 26 183 -45.26 -55.36 0.92 0.59 0.61 1.84 0.00
0 0 26 183 -45.35 -55.46 0.92 0.59 0.61 1.84 0.00
0 0 41 183 -16.96 -49.24 0.92 0.59 0.61 1.84 0.00
0 0 6 184 -91.60 -90.98 0.92 0.59 0.61 1.84 0.00
0 0 1 184 -58.47 -89.60 0.92 0.59 0.61 1.84 0.00
0 0 14 184 -11.35 -50.44 0.92 0.59 0.61 1.84 0.00
0 0 26 184 -44.99 -55.42 0.92 0.59 0.61 1.84 0.00
0 0 28 184 -13.86 -49.77 0.92 0.59 0.61 1.84 0.00
0 1 35 184 -71.12 -13.21 1.29 1.14 2.06 2.58 0.00
0 0 26 184 -44.90 -55.45 0.92 0.59 0.61 1.84 0.00
0 0 41 184 -17.05 -49.13 0.92 0.59 0.61 1.84 0.00
0 0 6 185 -91.65 -90.97 0.92 0.59 0.61 1.84 0.00
0 0 1 185 -58.50 -89.58 0.92 0.59 0.61 1.84 0.00
0 0 14 185 -11.10 -50.48 0.92 0.59 0.61 1.84 0.00
0 0 16 185 -10.99 -56.05 0.92 0.59 0.61 1.84 0.00
0 0 26 185 -45.06 -55.47 0.92 0.59 0.61 1.84 0.00
0 0 26 185 -44.59 -55.44 0.92 0.59 0.61 1.84 0.00
0 0 41 185 -17.04 -49.06 0.92 0.59 0.61 1.84 0.00
0 0 6 186 -91.68 -90.97 0.92 0.59 0.61 1.84 0.00
0 0 1 186 -58.71 -89.56 0.92 0.59 0.61 1.84 0.00
0 0 14 186 -11.01 -50.49 0.92 0.59 0.61 1.84 0.00
0 0 26 186 -45.24 -55.51 0.92 0.59 0.61 1.84 0.00
0 0 26 186 -44.71 -55.47 0.92 0.59 0.61 1.84 0.00
0 0 41 186 -17.10 -48.98 0.92 0.59 0.61 1.84 0.00
0 0 6 187 -91.71 -90.96 0.92 0.59 0.61 1.84 0.00
0 0 1 187 -58.86 -89.54 0.92 0.59 0.61 1.84 0.00
0 0 14 187 -10.96 -50.46 0.92 0.59 0.61 1.84 0.00
0 0 26 187 -45.26 -55.51 0.92 0.59 0.61 1.84 0.00
0 0 26 187 -44.32 -55.48 0.92 0.59 0.61 1.84 0.00
0 0 41 187 -17.21 -48.88 0.92 0.59 0.61 1.84 0.00
0 0 1 188 -57.96 -89.61 0.92 0.59 0.61 1.84 0.00
0 0 6 188 -91.73 -90.95 0.92 0.59 0.61 1.84 0.00
0 0 1 188 -58.89 -89.51 0.92 0.59 0.61 1.84 0.00
0 0 14 188 -10.94 -50.39 0.92 0.59 0.61 1.84 0.00
0 0 26 188 -45.40 -55.52 0.92 0.59 0.61 1.84 0.00
0 0 26 188 -44.14 -55.50 0.92 0.59 0.61 1.84 0.00
0 0 41 188 -17.16 -48.82 0.92 0.59 0.61 1.84 0.00
0 0 6 189 -91.73 -90.95 0.92 0.59 0.61 1.84 0.00
0 0 1 189 -58.70 -89.49 0.92 0.59 0.61 1.84 0.00
0 0 14 189 -10.94 -50.31 0.92 0.59 0.61 1.84 0.00
0 0 26 189 -45.60 -55.54 0.92 0.59 0.61 1.84 0.00
0 0 28 189 -13.64 -49.58 0.92 0.59 0.61 1.84 0.00
0 0 26 189 -44.15 -55.52 0.92 0.59 0.61 1.84 0.00
0 0 41 189 -16.99 -48.81 0.92 0.59 0.61 1.84 0.00
0 0 6 190 -91.72 -90.95 0.92 0.59 0.61 1.84 0.00
0 0 1 190 -58.42 -89.42 0.92 0.59 0.61 1.84 0.00
0 0 16 190 -10.98 -56.03 0.92 0.59 0.61 1.84 0.00
0 0 26 190 -45.50 -55.54 0.92 0.59 0.61 1.84 0.00
0 0 26 190 -44.06 -55.53 0.92 0.59 0.61 1.84 0.00
0 0 41 190 -16.74 -48.83 0.92 0.59 0.61 1.84 0.00
0 0 6 191 -91.72 -90.95 0.92 0.59 0.61 1.84 0.00
0 0 1 191 -58.24 -89.33 0.92 0.59 0.61 1.84 0.00
0 0 16 191 -10.98 -56.01 0.92 0.59 0.61 1.84 0.00
0 0 26 191 -45.54 -55.56 0.92 0.59 0.61 1.84 0.00
0 0 28 191 -13.60 -49.53 0.92 0.59 0.61 1.84 0.00
0 0 26 191 -44.37 -55.57 0.92 0.59 0.61 1.84 0.00
0 0 41 191 -16.54 -48.84 0.92 0.59 0.61 1.84 0.00
0 0 6 192 -91.72 -90.96 0.92 0.59 0.61 1.84 0.00
0 0 1 192 -57.92 -89.29 0.92 0.59 0.61 1.84 0.00
0 0 16 192 -10.99 -55.99 0.92 0.59 0.61 1.84 0.00
0 0 26 192 -45.60 -55.59 0.92 0.59 0.61 1.84 0.00
0 0 28 192 -13.66 -49.45 0.92 0.59 0.61 1.84 0.00
0 0 29 192 -38.98 -58.17 0.92 0.59 0.61 1.84 0.00
0 0 26 192 -44.62 -55.60 0.92 0.59 0.61 1.84 0.00
0 0 16 192 -10.92 -55.99 0.92 0.59 0.61 1.84 0.00
0 0 1 193 -57.63 -89.11 0.92 0.59 0.61 1.84 0.00
0 0 6 193 -91.60 -90.98 0.92 0.59 0.61 1.84 0.00
0 0 1 193 -58.06 -89.25 0.92 0.59 0.61 1.84 0.00
0 0 16 193 -11.01 -55.98 0.92 0.59 0.61 1.84 0.00
0 0 26 193 -45.79 -55.63 0.92 0.59 0.61 1.84 0.00
0 0 28 193 -13.68 -49.39 0.92 0.59 0.61 1.84 0.00
0 0 26 193 -45.02 -55.64 0.92 0.59 0.61 1.84 0.00
0 0 16 193 -10.94 -55.97 0.92 0.59 0.61 1.84 0.00
0 0 6 194 -91.62 -90.98 0.92 0.59 0.61 1.84 0.00
0 0 1 194 -58.11 -89.22 0.92 0.59 0.61 1.84 0.00
0 0 16 194 -11.02 -55.96 0.92 0.59 0.61 1.84 0.00
0 0 26 194 -45.68 -55.64 0.92 0.59 0.61 1.84 0.00
0 0 28 194 -13.74 -49.33 0.92 0.59 0.61 1.84 0.00
0 0 26 194 -45.21 -55.66 0.92 0.59 0.61 1.84 0.00
0 0 16 194 -11.00 -55.95 0.92 0.59 0.61 1.84 0.00
0 0 1 195 -57.97 -89.06 0.92 0.59 0.61 1.84 0.00
0 0 6 195 -91.64 -90.98 0.92 0.59 0.61 1.84 0.00
0 0 1 195 -58.53 -89.21 0.92 0.59 0.61 1.84 0.00
0 0 16 195 -11.04 -55.93 0.92 0.59 0.61 1.84 0.00
0 0 26 195 -45.50 -55.65 0.92 0.59 0.61 1.84 0.00
0 0 28 195 -13.78 -49.28 0.92 0.59 0.61 1.84 0.00
0 0 16 195 -11.06 -55.94 0.92 0.59 0.61 1.84 0.00
0 0 1 196 -57.99 -89.06 0.92 0.59 0.61 1.84 0.00
0 0 6 196 -91.68 -90.98 0.92 0.59 0.61 1.84 0.00
0 0 16 196 -11.07 -55.91 0.92 0.59 0.61 1.84 0.00
0 0 26 196 -45.40 -55.66 0.92 0.59 0.61 1.84 0.00
0 0 16 196 -11.08 -55.92 0.92 0.59 0.61 1.84 0.00
0 0 1 197 -57.94 -89.04 0.92 0.59 0.61 1.84 0.00
0 0 6 197 -91.71 -90.98 0.92 0.59 0.61 1.84 0.00
0 0 16 197 -11.08 -55.89 0.92 0.59 0.61 1.84 0.00
0 0 26 197 -45.14 -55.67 0.92 0.59 0.61 1.84 0.00
0 0 16 197 -11.07 -55.90 0.92 0.59 0.61 1.84 0.00
0 0 1 198 -57.94 -89.02 0.92 0.59 0.61 1.84 0.00
0 0 6 198 -91.73 -90.99 0.92 0.59 0.61 1.84 0.00
0 0 16 198 -11.10 -55.89 0.92 0.59 0.61 1.84 0.00
0 0 26 198 -45.02 -55.72 0.92 0.59 0.61 1.84 0.00
0 0 42 198 -38.41 -52.60 0.92 0.59 0.61 1.84 0.00
0 0 1 199 -57.74 -89.02 0.92 0.59 0.61 1.84 0.00
0 0 6 199 -91.74 -91.00 0.92 0.59 0.61 1.84 0.00
0 0 16 199 -11.10 -55.88 0.92 0.59 0.61 1.84 0.00
0 0 26 199 -44.86 -55.74 0.92 0.59 0.61 1.84 0.00
0 0 1 200 -57.42 -89.02 0.92 0.59 0.61 1.84 0.00
0 0 6 200 -91.75 -91.00 0.92 0.59 0.61 1.84 0.00
0 0 1 200 -59.23 -89.02 0.92 0.59 0.61 1.84 0.00
0 0 16 200 -11.10 -55.87 0.92 0.59 0.61 1.84 0.00
0 0 26 200 -44.82 -55.75 0.92 0.59 0.61 1.84 0.00
0 0 1 201 -57.32 -89.03 0.92 0.59 0.61 1.84 0.00
0 0 6 201 -91.75 -91.01 0.92 0.59 0.61 1.84 0.00
0 0 1 201 -59.22 -89.01 0.92 0.59 0.61 1.84 0.00
0 0 16 201 -11.10 -55.86 0.92 0.59 0.61 1.84 0.00
0 0 26 201 -44.83 -55.75 0.92 0.59 0.61 1.84 0.00
0 0 1 202 -57.60 -89.02 0.92 0.59 0.61 1.84 0.00
0 0 6 202 -91.76 -91.02 0.92 0.59 0.61 1.84 0.00
0 0 1 202 -59.12 -89.02 0.92 0.59 0.61 1.84 0.00
0 0 16 202 -11.11 -55.84 0.92 0.59 0.61 1.84 0.00
0 0 26 202 -44.91 -55.76 0.92 0.59 0.61 1.84 0.00
0 0 16 202 -11.14 -55.83 0.92 0.59 0.61 1.84 0.00
0 0 1 203 -57.96 -88.98 0.92 0.59 0.61 1.84 0.00
0 0 6 203 -91.76 -91.03 0.92 0.59 0.61 1.84 0.00
0 0 1 203 -59.05 -89.00 0.92 0.59 0.61 1.84 0.00
0 0 16 203 -11.15 -55.83 0.92 0.59 0.61 1.84 0.00
0 0 26 203 -44.98 -55.77 0.92 0.59 0.61 1.84 0.00
0 0 16 203 -11.14 -55.81 0.92 0.59 0.61 1.84 0.00
0 0 1 204 -58.14 -88.95 0.92 0.59 0.61 1.84 0.00
0 0 6 204 -91.75 -91.05 0.92 0.59 0.61 1.84 0.00
0 0 1 204 -58.93 -88.96 0.92 0.59 0.61 1.84 0.00
0 0 16 204 -11.18 -55.81 0.92 0.59 0.61 1.84 0.00
0 0 26 204 -45.01 -55.79 0.92 0.59 0.61 1.84 0.00
0 0 16 204 -11.15 -55.78 0.92 0.59 0.61 1.84 0.00
0 0 1 205 -58.43 -88.92 0.92 0.59 0.61 1.84 0.00
0 0 6 205 -91.75 -91.06 0.92 0.59 0.61 1.84 0.00
0 0 1 205 -58.95 -88.94 0.92 0.59 0.61 1.84 0.00
0 0 16 205 -11.20 -55.78 0.92 0.59 0.61 1.84 0.00
0 0 26 205 -44.96 -55.80 0.92 0.59 0.61 1.84 0.00
0 0 30 205 -34.51 -52.89 0.92 0.59 0.61 1.84 0.00
0 0 31 205 -33.60 -52.90 0.92 0.59 0.61 1.84 0.00
0 0 16 205 -11.14 -55.75 0.92 0.59 0.61 1.84 0.00
0 0 1 206 -58.49 -88.91 0.92 0.59 0.61 1.84 0.00
0 0 6 206 -91.74 -91.09 0.92 0.59 0.61 1.84 0.00
0 0 1 206 -58.71 -88.92 0.92 0.59 0.61 1.84 0.00
0 0 16 206 -11.23 -55.74 0.92 0.59 0.61 1.84 0.00
0 0 26 206 -44.89 -55.80 0.92 0.59 0.61 1.84 0.00
0 1 35 206 -71.13 -13.46 1.29 1.14 2.06 2.58 0.00
0 0 16 206 -11.14 -55.71 0.92 0.59 0.61 1.84 0.00
0 0 6 207 -91.73 -91.11 0.92 0.59 0.61 1.84 0.00
0 0 1 207 -58.73 -88.90 0.92 0.59 0.61 1.84 0.00
0 0 16 207 -11.27 -55.71 0.92 0.59 0.61 1.84 0.00
0 0 26 207 -44.75 -55.81 0.92 0.59 0.61 1.84 0.00
0 0 16 207 -11.18 -55.67 0.92 0.59 0.61 1.84 0.00
0 0 6 208 -91.72 -91.13 0.92 0.59 0.61 1.84 0.00
0 0 1 208 -58.73 -88.87 0.92 0.59 0.61 1.84 0.00
0 0 16 208 -11.29 -55.66 0.92 0.59 0.61 1.84 0.00
0 0 26 208 -44.73 -55.85 0.92 0.59 0.61 1.84 0.00
0 1 35 208 -71.17 -13.52 1.29 1.14 2.06 2.58 0.00
0 0 16 208 -11.26 -55.64 0.92 0.59 0.61 1.84 0.00
0 0 6 209 -91.72 -91.16 0.92 0.59 0.61 1.84 0.00
0 0 1 209 -58.81 -88.85 0.92 0.59 0.61 1.84 0.00
0 0 16 209 -11.30 -55.61 0.92 0.59 0.61 1.84 0.00
0 0 26 209 -44.84 -55.88 0.92 0.59 0.61 1.84 0.00
0 1 35 209 -71.19 -13.52 1.29 1.14 2.06 2.58 0.00
0 0 16 209 -11.32 -55.60 0.92 0.59 0.61 1.84 0.00
0 0 43 209 -38.59 -58.35 0.92 0.59 0.61 1.84 0.00
0 0 6 210 -91.73 -91.20 0.92 0.59 0.61 1.84 0.00
0 0 1 210 -58.63 -88.82 0.92 0.59 0.61 1.84 0.00
0 0 16 210 -11.30 -55.57 0.92 0.59 0.61 1.84 0.00
0 0 26 210 -44.90 -55.91 0.92 0.59 0.61 1.84 0.00
0 0 16 210 -11.30 -55.56 0.92 0.59 0.61 1.84 0.00
0 0 43 210 -39.34 -58.40 0.92 0.59 0.61 1.84 0.00
0 0 6 211 -91.74 -91.21 0.92 0.59 0.61 1.84 0.00
0 0 1 211 -58.67 -88.79 0.92 0.59 0.61 1.84 0.00
0 0 16 211 -11.30 -55.54 0.92 0.59 0.61 1.84 0.00
0 0 26 211 -44.72 -55.92 0.92 0.59 0.61 1.84 0.00
0 0 31 211 -33.00 -53.14 0.92 0.59 0.61 1.84 0.00
0 0 16 211 -11.35 -55.55 0.92 0.59 0.61 1.84 0.00
0 0 6 212 -91.75 -91.21 0.92 0.59 0.61 1.84 0.00
0 0 1 212 -58.54 -88.77 0.92 0.59 0.61 1.84 0.00
0 0 16 212 -11.32 -55.51 0.92 0.59 0.61 1.84 0.00
0 0 26 212 -44.54 -55.92 0.92 0.59 0.61 1.84 0.00
0 0 31 212 -32.78 -53.21 0.92 0.59 0.61 1.84 0.00
0 0 16 212 -11.33 -55.52 0.92 0.59 0.61 1.84 0.00
0 0 6 213 -91.74 -91.22 0.92 0.59 0.61 1.84 0.00
0 0 1 213 -58.70 -88.78 0.92 0.59 0.61 1.84 0.00
0 0 16 213 -11.33 -55.48 0.92 0.59 0.61 1.84 0.00
0 0 26 213 -44.40 -55.92 0.92 0.59 0.61 1.84 0.00
0 0 31 213 -32.77 -53.25 0.92 0.59 0.61 1.84 0.00
0 0 16 213 -11.35 -55.50 0.92 0.59 0.61 1.84 0.00
0 0 43 213 -40.04 -58.55 0.92 0.59 0.61 1.84 0.00
0 0 6 214 -91.74 -91.24 0.92 0.59 0.61 1.84 0.00
0 0 1 214 -58.67 -88.76 0.92 0.59 0.61 1.84 0.00
0 0 16 214 -11.35 -55.45 0.92 0.59 0.61 1.84 0.00
0 0 31 214 -32.84 -53.28 0.92 0.59 0.61 1.84 0.00
0 0 16 214 -11.37 -55.46 0.92 0.59 0.61 1.84 0.00
0 0 31 214 -33.09 -53.29 0.92 0.59 0.61 1.84 0.00
0 0 6 215 -91.73 -91.25 0.92 0.59 0.61 1.84 0.00
0 0 1 215 -58.71 -88.77 0.92 0.59 0.61 1.84 0.00
0 0 9 215 -58.60 -88.46 0.92 0.59 0.61 1.84 0.00
0 0 16 215 -11.37 -55.40 0.92 0.59 0.61 1.84 0.00
0 0 31 215 -32.75 -53.32 0.92 0.59 0.61 1.84 0.00
0 0 26 215 -43.88 -56.01 0.92 0.59 0.61 1.84 0.00
0 0 16 215 -11.45 -55.44 0.92 0.59 0.61 1.84 0.00
0 0 31 215 -33.29 -53.36 0.92 0.59 0.61 1.84 0.00
0 0 6 216 -91.73 -91.27 0.92 0.59 0.61 1.84 0.00
0 0 1 216 -58.91 -88.69 0.92 0.59 0.61 1.84 0.00
0 0 9 216 -58.94 -88.44 0.92 0.59 0.61 1.84 0.00
0 0 10 216 -59.06 -88.89 0.92 0.59 0.61 1.84 0.00
0 0 11 216 -58.84 -88.29 0.92 0.59 0.61 1.84 0.00
0 0 16 216 -11.35 -55.35 0.92 0.59 0.61 1.84 0.00
0 0 31 216 -32.52 -53.36 0.92 0.59 0.61 1.84 0.00
0 0 32 216 -13.24 -55.72 0.92 0.59 0.61 1.84 0.00
0 0 26 216 -44.61 -56.05 0.92 0.59 0.61 1.84 0.00
0 0 16 216 -11.38 -55.38 0.92 0.59 0.61 1.84 0.00
0 0 31 216 -33.27 -53.43 0.92 0.59 0.61 1.84 0.00
0 0 6 217 -91.72 -91.28 0.92 0.59 0.61 1.84 0.00
0 0 1 217 -58.63 -88.64 0.92 0.59 0.61 1.84 0.00
0 0 10 217 -59.17 -88.87 0.92 0.59 0.61 1.84 0.00
0 0 11 217 -58.48 -88.33 0.92 0.59 0.61 1.84 0.00
0 0 16 217 -11.38 -55.33 0.92 0.59 0.61 1.84 0.00
0 0 31 217 -32.37 -53.41 0.92 0.59 0.61 1.84 0.00
0 1 35 217 -71.33 -13.56 1.29 1.14 2.06 2.58 0.00
0 0 26 217 -44.51 -56.10 0.92 0.59 0.61 1.84 0.00
0 0 16 217 -11.37 -55.34 0.92 0.59 0.61 1.84 0.00
0 0 31 217 -32.89 -53.47 0.92 0.59 0.61 1.84 0.00
0 0 6 218 -91.74 -91.28 0.92 0.59 0.61 1.84 0.00
0 0 11 218 -58.61 -88.28 0.92 0.59 0.61 1.84 0.00
0 0 16 218 -11.40 -55.30 0.92 0.59 0.61 1.84 0.00
0 0 31 218 -32.20 -53.45 0.92 0.59 0.61 1.84 0.00
0 0 26 218 -44.24 -56.11 0.92 0.59 0.61 1.84 0.00
0 0 16 218 -11.34 -55.31 0.92 0.59 0.61 1.84 0.00
0 0 31 218 -32.75 -53.49 0.92 0.59 0.61 1.84 0.00
0 0 6 219 -91.74 -91.29 0.92 0.59 0.61 1.84 0.00
0 0 11 219 -58.91 -88.25 0.92 0.59 0.61 1.84 0.00
0 0 16 219 -11.43 -55.28 0.92 0.59 0.61 1.84 0.00
0 0 31 219 -32.14 -53.47 0.92 0.59 0.61 1.84 0.00
0 1 35 219 -71.28 -13.60 1.29 1.14 2.06 2.58 0.00
0 0 26 219 -43.59 -56.08 0.92 0.59 0.61 1.84 0.00
0 0 16 219 -11.32 -55.29 0.92 0.59 0.61 1.84 0.00
0 0 31 219 -32.74 -53.50 0.92 0.59 0.61 1.84 0.00
0 0 6 220 -91.73 -91.30 0.92 0.59 0.61 1.84 0.00
0 0 11 220 -58.94 -88.24 0.92 0.59 0.61 1.84 0.00
0 0 16 220 -11.46 -55.27 0.92 0.59 0.61 1.84 0.00
0 0 31 220 -32.15 -53.49 0.92 0.59 0.61 1.84 0.00
0 1 35 220 -71.26 -13.60 1.29 1.14 2.06 2.58 0.00
0 0 26 220 -43.17 -56.06 0.92 0.59 0.61 1.84 0.00
0 0 16 220 -11.23 -55.26 0.92 0.59 0.61 1.84 0.00
0 0 31 220 -32.53 -53.50 0.92 0.59 0.61 1.84 0.00
0 0 6 221 -91.73 -91.31 0.92 0.59 0.61 1.84 0.00
0 0 9 221 -58.90 -88.13 0.92 0.59 0.61 1.84 0.00
0 0 11 221 -58.90 -88.23 0.92 0.59 0.61 1.84 0.00
0 0 16 221 -11.51 -55.26 0.92 0.59 0.61 1.84 0.00
0 0 31 221 -32.21 -53.50 0.92 0.59 0.61 1.84 0.00
0 1 35 221 -71.27 -13.59 1.29 1.14 2.06 2.58 0.00
0 0 26 221 -43.09 -56.06 0.92 0.59 0.61 1.84 0.00
0 0 16 221 -11.38 -55.27 0.92 0.59 0.61 1.84 0.00
0 0 31 221 -32.46 -53.50 0.92 0.59 0.61 1.84 0.00
0 0 2 222 -32.14 -94.68 0.92 0.59 0.61 1.84 0.00
0 0 6 222 -91.73 -91.31 0.92 0.59 0.61 1.84 0.00
0 0 10 222 -59.19 -88.94 0.92 0.59 0.61 1.84 0.00
0 0 11 222 -58.72 -88.21 0.92 0.59 0.61 1.84 0.00
0 0 16 222 -11.53 -55.27 0.92 0.59 0.61 1.84 0.00
0 0 31 222 -32.30 -53.51 0.92 0.59 0.61 1.84 0.00
0 1 35 222 -71.28 -13.61 1.29 1.14 2.06 2.58 0.00
0 0 26 222 -42.75 -56.04 0.92 0.59 0.61 1.84 0.00
0 0 16 222 -11.50 -55.28 0.92 0.59 0.61 1.84 0.00
0 0 31 222 -32.84 -53.50 0.92 0.59 0.61 1.84 0.00
0 0 6 223 -91.74 -91.31 0.92 0.59 0.61 1.84 0.00
0 0 9 223 -58.45 -88.07 0.92 0.59 0.61 1.84 0.00
0 0 10 223 -59.10 -88.95 0.92 0.59 0.61 1.84 0.00
0 0 11 223 -58.53 -88.20 0.92 0.59 0.61 1.84 0.00
0 0 31 223 -32.43 -53.53 0.92 0.59 0.61 1.84 0.00
0 1 35 223 -71.29 -13.60 1.29 1.14 2.06 2.58 0.00
0 0 26 223 -42.10 -55.99 0.92 0.59 0.61 1.84 0.00
0 0 31 223 -33.11 -53.51 0.92 0.59 0.61 1.84 0.00
0 0 2 224 -33.11 -94.79 0.92 0.59 0.61 1.84 0.00
0 0 6 224 -91.73 -91.32 0.92 0.59 0.61 1.84 0.00
0 0 9 224 -58.12 -88.05 0.92 0.59 0.61 1.84 0.00
0 0 10 224 -58.96 -88.98 0.92 0.59 0.61 1.84 0.00
0 0 11 224 -58.31 -88.19 0.92 0.59 0.61 1.84 0.00
0 0 16 224 -11.63 -55.23 0.92 0.59 0.61 1.84 0.00
0 0 31 224 -32.50 -53.55 0.92 0.59 0.61 1.84 0.00
0 1 35 224 -71.32 -13.59 1.29 1.14 2.06 2.58 0.00
0 0 26 224 -41.60 -55.98 0.92 0.59 0.61 1.84 0.00
0 0 2 225 -35.67 -95.14 0.92 0.59 0.61 1.84 0.00
0 0 6 225 -91.72 -91.33 0.92 0.59 0.61 1.84 0.00
0 0 9 225 -58.04 -88.05 0.92 0.59 0.61 1.84 0.00
0 0 10 225 -58.93 -89.00 0.92 0.59 0.61 1.84 0.00
0 0 11 225 -58.10 -88.18 0.92 0.59 0.61 1.84 0.00
0 0 16 225 -12.52 -55.25 0.92 0.59 0.61 1.84 0.00
0 0 26 225 -43.87 -56.16 0.92 0.59 0.61 1.84 0.00
0 0 31 225 -32.64 -53.57 0.92 0.59 0.61 1.84 0.00
0 1 35 225 -71.33 -13.58 1.29 1.14 2.06 2.58 0.00
0 0 26 225 -41.88 -56.02 0.92 0.59 0.61 1.84 0.00
0 0 44 225 -16.22 -55.96 0.92 0.59 0.61 1.84 0.00
0 0 2 226 -37.61 -95.40 0.92 0.59 0.61 1.84 0.00
0 0 3 226 -33.72 -94.86 0.92 0.59 0.61 1.84 0.00
0 0 6 226 -91.71 -91.33 0.92 0.59 0.61 1.84 0.00
0 0 10 226 -59.07 -89.00 0.92 0.59 0.61 1.84 0.00
0 0 11 226 -58.01 -88.17 0.92 0.59 0.61 1.84 0.00
0 0 16 226 -12.87 -55.21 0.92 0.59 0.61 1.84 0.00
0 0 26 226 -44.03 -56.23 0.92 0.59 0.61 1.84 0.00
0 0 31 226 -32.69 -53.62 0.92 0.59 0.61 1.84 0.00
0 1 35 226 -71.32 -13.57 1.29 1.14 2.06 2.58 0.00
0 0 26 226 -42.49 -56.10 0.92 0.59 0.61 1.84 0.00
0 0 3 227 -32.58 -94.72 0.92 0.59 0.61 1.84 0.00
0 0 6 227 -91.71 -91.33 0.92 0.59 0.61 1.84 0.00
0 0 9 227 -58.01 -88.05 0.92 0.59 0.61 1.84 0.00
0 0 10 227 -59.24 -89.00 0.92 0.59 0.61 1.84 0.00
0 0 11 227 -57.95 -88.16 0.92 0.59 0.61 1.84 0.00
0 0 16 227 -12.31 -55.11 0.92 0.59 0.61 1.84 0.00
0 0 26 227 -44.08 -56.26 0.92 0.59 0.61 1.84 0.00
0 0 31 227 -32.76 -53.67 0.92 0.59 0.61 1.84 0.00
0 1 35 227 -71.33 -13.57 1.29 1.14 2.06 2.58 0.00
0 0 26 227 -42.89 -56.16 0.92 0.59 0.61 1.84 0.00
0 0 44 227 -16.07 -55.77 0.92 0.59 0.61 1.84 0.00
0 0 3 228 -32.36 -94.69 0.92 0.59 0.61 1.84 0.00
0 0 6 228 -91.70 -91.34 0.92 0.59 0.61 1.84 0.00
0 0 9 228 -57.83 -88.04 0.92 0.59 0.61 1.84 0.00
0 0 10 228 -59.28 -88.96 0.92 0.59 0.61 1.84 0.00
0 0 11 228 -57.91 -88.15 0.92 0.59 0.61 1.84 0.00
0 0 16 228 -11.98 -55.00 0.92 0.59 0.61 1.84 0.00
0 0 26 228 -44.08 -56.29 0.92 0.59 0.61 1.84 0.00
0 0 31 228 -32.81 -53.73 0.92 0.59 0.61 1.84 0.00
0 1 35 228 -71.31 -13.57 1.29 1.14 2.06 2.58 0.00
0 0 26 228 -43.16 -56.19 0.92 0.59 0.61 1.84 0.00
0 0 3 229 -32.28 -94.67 0.92 0.59 0.61 1.84 0.00
0 0 6 229 -91.71 -91.35 0.92 0.59 0.61 1.84 0.00
0 0 10 229 -59.15 -88.94 0.92 0.59 0.61 1.84 0.00
0 0 11 229 -57.91 -88.15 0.92 0.59 0.61 1.84 0.00
0 0 16 229 -11.81 -54.93 0.92 0.59 0.61 1.84 0.00
0 0 26 229 -44.36 -56.35 0.92 0.59 0.61 1.84 0.00
0 0 31 229 -33.30 -53.78 0.92 0.59 0.61 1.84 0.00
0 0 26 229 -43.36 -56.22 0.92 0.59 0.61 1.84 0.00
0 0 16 229 -11.74 -54.97 0.92 0.59 0.61 1.84 0.00
0 0 3 230 -32.27 -94.67 0.92 0.59 0.61 1.84 0.00
0 0 6 230 -91.72 -91.35 0.92 0.59 0.61 1.84 0.00
0 0 10 230 -59.05 -88.92 0.92 0.59 0.61 1.84 0.00
0 0 11 230 -57.84 -88.15 0.92 0.59 0.61 1.84 0.00
0 0 16 230 -11.72 -54.87 0.92 0.59 0.61 1.84 0.00
0 0 26 230 -44.49 -56.39 0.92 0.59 0.61 1.84 0.00
0 0 31 230 -33.14 -53.84 0.92 0.59 0.61 1.84 0.00
0 1 35 230 -71.24 -13.57 1.29 1.14 2.06 2.58 0.00
0 0 16 230 -11.55 -54.86 0.92 0.59 0.61 1.84 0.00
0 0 31 230 -33.25 -53.88 0.92 0.59 0.61 1.84 0.00
0 0 3 231 -32.24 -94.67 0.92 0.59 0.61 1.84 0.00
0 0 6 231 -91.72 -91.37 0.92 0.59 0.61 1.84 0.00
0 0 10 231 -59.18 -88.90 0.92 0.59 0.61 1.84 0.00
0 0 11 231 -57.88 -88.15 0.92 0.59 0.61 1.84 0.00
0 0 16 231 -11.72 -54.81 0.92 0.59 0.61 1.84 0.00
0 0 26 231 -44.39 -56.42 0.92 0.59 0.61 1.84 0.00
0 0 31 231 -32.98 -53.88 0.92 0.59 0.61 1.84 0.00
0 1 35 231 -71.22 -13.54 1.29 1.14 2.06 2.58 0.00
0 0 16 231 -11.64 -54.80 0.92 0.59 0.61 1.84 0.00
0 0 45 231 -30.62 -57.70 0.92 0.59 0.61 1.84 0.00
0 0 3 232 -32.22 -94.67 0.92 0.59 0.61 1.84 0.00
0 0 6 232 -91.74 -91.38 0.92 0.59 0.61 1.84 0.00
0 0 9 232 -57.73 -88.03 0.92 0.59 0.61 1.84 0.00
0 0 10 232 -59.26 -88.91 0.92 0.59 0.61 1.84 0.00
0 0 11 232 -57.90 -88.14 0.92 0.59 0.61 1.84 0.00
0 0 16 232 -11.74 -54.74 0.92 0.59 0.61 1.84 0.00
0 0 26 232 -44.62 -56.48 0.92 0.59 0.61 1.84 0.00
0 0 31 232 -32.86 -53.90 0.92 0.59 0.61 1.84 0.00
0 1 35 232 -71.21 -13.55 1.29 1.14 2.06 2.58 0.00
0 0 16 232 -11.79 -54.75 0.92 0.59 0.61 1.84 0.00
0 0 31 232 -32.79 -53.93 0.92 0.59 0.61 1.84 0.00
0 0 3 233 -32.16 -94.66 0.92 0.59 0.61 1.84 0.00
0 0 6 233 -91.75 -91.40 0.92 0.59 0.61 1.84 0.00
0 0 9 233 -57.82 -88.04 0.92 0.59 0.61 1.84 0.00
0 0 10 233 -59.45 -88.91 0.92 0.59 0.61 1.84 0.00
0 0 11 233 -57.90 -88.14 0.92 0.59 0.61 1.84 0.00
0 0 16 233 -11.77 -54.68 0.92 0.59 0.61 1.84 0.00
0 0 26 233 -44.46 -56.49 0.92 0.59 0.61 1.84 0.00
0 0 31 233 -32.78 -53.93 0.92 0.59 0.61 1.84 0.00
0 0 16 233 -11.90 -54.70 0.92 0.59 0.61 1.84 0.00
0 0 31 233 -32.87 -53.96 0.92 0.59 0.61 1.84 0.00
0 0 3 234 -32.12 -94.66 0.92 0.59 0.61 1.84 0.00
0 0 4 234 -31.72 -94.72 0.92 0.59 0.61 1.84 0.00
0 0 6 234 -91.76 -91.41 0.92 0.59 0.61 1.84 0.00
0 0 9 234 -57.80 -88.04 0.92 0.59 0.61 1.84 0.00
0 0 10 234 -59.50 -88.89 0.92 0.59 0.61 1.84 0.00
0 0 11 234 -57.96 -88.15 0.92 0.59 0.61 1.84 0.00
0 0 16 234 -11.79 -54.65 0.92 0.59 0.61 1.84 0.00
0 0 26 234 -44.22 -56.48 0.92 0.59 0.61 1.84 0.00
0 0 31 234 -32.71 -53.99 0.92 0.59 0.61 1.84 0.00
0 0 16 234 -11.97 -54.68 0.92 0.59 0.61 1.84 0.00
0 0 31 234 -33.14 -54.00 0.92 0.59 0.61 1.84 0.00
0 0 3 235 -32.14 -94.66 0.92 0.59 0.61 1.84 0.00
0 0 6 235 -91.76 -91.43 0.92 0.59 0.61 1.84 0.00
0 0 10 235 -59.65 -88.88 0.92 0.59 0.61 1.84 0.00
0 0 11 235 -58.03 -88.16 0.92 0.59 0.61 1.84 0.00
0 0 16 235 -11.80 -54.63 0.92 0.59 0.61 1.84 0.00
0 0 26 235 -44.05 -56.46 0.92 0.59 0.61 1.84 0.00
0 0 31 235 -32.63 -54.05 0.92 0.59 0.61 1.84 0.00
0 0 16 235 -11.98 -54.66 0.92 0.59 0.61 1.84 0.00
0 0 31 235 -32.88 -54.03 0.92 0.59 0.61 1.84 0.00
0 0 3 236 -32.63 -94.71 0.92 0.59 0.61 1.84 0.00
0 0 4 236 -31.70 -94.71 0.92 0.59 0.61 1.84 0.00
0 0 9 236 -57.82 -88.06 0.92 0.59 0.61 1.84 0.00
0 0 10 236 -59.48 -88.82 0.92 0.59 0.61 1.84 0.00
0 0 11 236 -58.06 -88.18 0.92 0.59 0.61 1.84 0.00
0 0 12 236 -58.40 -88.34 0.92 0.59 0.61 1.84 0.00
0 0 13 236 -59.26 -88.60 0.92 0.59 0.61 1.84 0.00
0 0 16 236 -11.80 -54.62 0.92 0.59 0.61 1.84 0.00
0 0 26 236 -43.87 -56.45 0.92 0.59 0.61 1.84 0.00
0 0 31 236 -32.69 -54.07 0.92 0.59 0.61 1.84 0.00
0 0 16 236 -11.87 -54.62 0.92 0.59 0.61 1.84 0.00
0 0 31 236 -32.58 -54.05 0.92 0.59 0.61 1.84 0.00
0 0 3 237 -32.33 -94.68 0.92 0.59 0.61 1.84 0.00
0 0 4 237 -31.69 -94.71 0.92 0.59 0.61 1.84 0.00
0 0 10 237 -59.42 -88.80 0.92 0.59 0.61 1.84 0.00
0 0 11 237 -58.16 -88.17 0.92 0.59 0.61 1.84 0.00
0 0 12 237 -58.37 -88.32 0.92 0.59 0.61 1.84 0.00
0 0 16 237 -11.81 -54.60 0.92 0.59 0.61 1.84 0.00
0 0 26 237 -43.85 -56.45 0.92 0.59 0.61 1.84 0.00
0 0 31 237 -32.76 -54.09 0.92 0.59 0.61 1.84 0.00
0 0 26 237 -43.17 -56.42 0.92 0.59 0.61 1.84 0.00
0 0 16 237 -11.81 -54.61 0.92 0.59 0.61 1.84 0.00
0 0 31 237 -32.70 -54.07 0.92 0.59 0.61 1.84 0.00
0 0 3 238 -32.35 -94.67 0.92 0.59 0.61 1.84 0.00
0 0 4 238 -31.69 -94.71 0.92 0.59 0.61 1.84 0.00
0 0 10 238 -59.47 -88.78 0.92 0.59 0.61 1.84 0.00
0 0 11 238 -58.25 -88.17 0.92 0.59 0.61 1.84 0.00
0 0 12 238 -58.41 -88.33 0.92 0.59 0.61 1.84 0.00
0 0 16 238 -11.81 -54.59 0.92 0.59 0.61 1.84 0.00
0 0 26 238 -43.84 -56.45 0.92 0.59 0.61 1.84 0.00
0 0 31 238 -32.79 -54.11 0.92 0.59 0.61 1.84 0.00
0 1 35 238 -71.25 -13.59 1.29 1.14 2.06 2.58 0.00
0 0 26 238 -42.96 -56.42 0.92 0.59 0.61 1.84 0.00
0 0 16 238 -11.80 -54.60 0.92 0.59 0.61 1.84 0.00
0 0 31 238 -32.77 -54.10 0.92 0.59 0.61 1.84 0.00
0 0 3 239 -33.06 -94.76 0.92 0.59 0.61 1.84 0.00
0 0 10 239 -59.44 -88.69 0.92 0.59 0.61 1.84 0.00
0 0 11 239 -58.32 -88.20 0.92 0.59 0.61 1.84 0.00
0 0 12 239 -58.37 -88.38 0.92 0.59 0.61 1.84 0.00
0 0 16 239 -11.81 -54.57 0.92 0.59 0.61 1.84 0.00
0 0 31 239 -32.80 -54.14 0.92 0.59 0.61 1.84 0.00
0 1 35 239 -71.22 -13.60 1.29 1.14 2.06 2.58 0.00
0 0 26 239 -42.78 -56.42 0.92 0.59 0.61 1.84 0.00
0 0 16 239 -11.77 -54.57 0.92 0.59 0.61 1.84 0.00
0 0 31 239 -32.91 -54.13 0.92 0.59 0.61 1.84 0.00
0 0 3 240 -33.79 -94.85 0.92 0.59 0.61 1.84 0.00
0 0 11 240 -58.42 -88.21 0.92 0.59 0.61 1.84 0.00
0 0 12 240 -58.47 -88.42 0.92 0.59 0.61 1.84 0.00
0 0 13 240 -59.72 -88.62 0.92 0.59 0.61 1.84 0.00
0 0 16 240 -11.82 -54.56 0.92 0.59 0.61 1.84 0.00
0 0 26 240 -43.77 -56.47 0.92 0.59 0.61 1.84 0.00
0 0 31 240 -32.91 -54.15 0.92 0.59 0.61 1.84 0.00
0 1 35 240 -71.23 -13.57 1.29 1.14 2.06 2.58 0.00
0 0 26 240 -42.10 -56.37 0.92 0.59 0.61 1.84 0.00
0 0 16 240 -11.75 -54.54 0.92 0.59 0.61 1.84 0.00
0 0 31 240 -33.00 -54.15 0.92 0.59 0.61 1.84 0.00
0 0 3 241 -34.50 -94.95 0.92 0.59 0.61 1.84 0.00
0 0 11 241 -58.47 -88.20 0.92 0.59 0.61 1.84 0.00
0 0 12 241 -58.57 -88.44 0.92 0.59 0.61 1.84 0.00
0 0 26 241 -43.75 -56.47 0.92 0.59 0.61 1.84 0.00
0 0 31 241 -32.98 -54.17 0.92 0.59 0.61 1.84 0.00
0 0 26 241 -41.69 -56.33 0.92 0.59 0.61 1.84 0.00
0 0 16 241 -11.77 -54.51 0.92 0.59 0.61 1.84 0.00
0 0 31 241 -33.04 -54.19 0.92 0.59 0.61 1.84 0.00
0 0 3 242 -34.86 -94.99 0.92 0.59 0.61 1.84 0.00
0 0 6 242 -91.80 -91.65 0.92 0.59 0.61 1.84 0.00
0 0 11 242 -58.64 -88.23 0.92 0.59 0.61 1.84 0.00
0 0 12 242 -58.73 -88.46 0.92 0.59 0.61 1.84 0.00
0 0 16 242 -11.86 -54.49 0.92 0.59 0.61 1.84 0.00
0 0 26 242 -43.85 -56.47 0.92 0.59 0.61 1.84 0.00
0 0 31 242 -32.89 -54.18 0.92 0.59 0.61 1.84 0.00
0 0 31 242 -33.34 -54.21 0.92 0.59 0.61 1.84 0.00
0 0 26 242 -41.68 -56.35 0.92 0.59 0.61 1.84 0.00
0 0 31 242 -33.20 -54.22 0.92 0.59 0.61 1.84 0.00
0 0 3 243 -35.13 -95.02 0.92 0.59 0.61 1.84 0.00
0 0 6 243 -91.78 -91.71 0.92 0.59 0.61 1.84 0.00
0 0 11 243 -58.71 -88.31 0.92 0.59 0.61 1.84 0.00
0 0 12 243 -58.73 -88.49 0.92 0.59 0.61 1.84 0.00
0 0 16 243 -11.87 -54.44 0.92 0.59 0.61 1.84 0.00
0 0 26 243 -43.98 -56.49 0.92 0.59 0.61 1.84 0.00
0 0 31 243 -32.91 -54.22 0.92 0.59 0.61 1.84 0.00
0 0 16 243 -11.82 -54.43 0.92 0.59 0.61 1.84 0.00
0 0 31 243 -33.33 -54.25 0.92 0.59 0.61 1.84 0.00
0 0 3 244 -35.21 -95.01 0.92 0.59 0.61 1.84 0.00
0 0 11 244 -58.72 -88.34 0.92 0.59 0.61 1.84 0.00
0 0 12 244 -58.74 -88.48 0.92 0.59 0.61 1.84 0.00
0 0 16 244 -11.88 -54.38 0.92 0.59 0.61 1.84 0.00
0 0 31 244 -32.90 -54.27 0.92 0.59 0.61 1.84 0.00
0 0 16 244 -11.71 -54.36 0.92 0.59 0.61 1.84 0.00
0 0 31 244 -33.22 -54.28 0.92 0.59 0.61 1.84 0.00
0 0 31 244 -33.10 -54.28 0.92 0.59 0.61 1.84 0.00
0 0 3 245 -35.33 -95.01 0.92 0.59 0.61 1.84 0.00
0 0 5 245 -40.16 -95.65 0.92 0.59 0.61 1.84 0.00
0 0 6 245 -91.76 -91.80 0.92 0.59 0.61 1.84 0.00
0 0 11 245 -58.69 -88.38 0.92 0.59 0.61 1.84 0.00
0 0 16 245 -11.90 -54.32 0.92 0.59 0.61 1.84 0.00
0 0 31 245 -32.95 -54.32 0.92 0.59 0.61 1.84 0.00
0 0 16 245 -11.57 -54.30 0.92 0.59 0.61 1.84 0.00
0 0 31 245 -33.29 -54.34 0.92 0.59 0.61 1.84 0.00
0 0 3 246 -35.43 -95.01 0.92 0.59 0.61 1.84 0.00
0 0 6 246 -91.75 -91.84 0.92 0.59 0.61 1.84 0.00
0 0 11 246 -58.75 -88.40 0.92 0.59 0.61 1.84 0.00
0 0 16 246 -11.91 -54.27 0.92 0.59 0.61 1.84 0.00
0 0 31 246 -33.09 -54.39 0.92 0.59 0.61 1.84 0.00
0 0 16 246 -11.75 -54.25 0.92 0.59 0.61 1.84 0.00
0 0 31 246 -35.80 -54.52 0.92 0.59 0.61 1.84 0.00
0 0 31 246 -33.60 -54.44 0.92 0.59 0.61 1.84 0.00
0 0 3 247 -35.52 -95.00 0.92 0.59 0.61 1.84 0.00
0 0 6 247 -91.74 -91.88 0.92 0.59 0.61 1.84 0.00
0 0 11 247 -58.97 -88.42 0.92 0.59 0.61 1.84 0.00
0 0 16 247 -11.92 -54.21 0.92 0.59 0.61 1.84 0.00
0 0 26 247 -43.81 -56.54 0.92 0.59 0.61 1.84 0.00
0 0 31 247 -33.22 -54.45 0.92 0.59 0.61 1.84 0.00
0 0 16 247 -11.93 -54.22 0.92 0.59 0.61 1.84 0.00
0 0 31 247 -34.37 -54.52 0.92 0.59 0.61 1.84 0.00
0 0 3 248 -35.58 -95.00 0.92 0.59 0.61 1.84 0.00
0 0 6 248 -91.77 -92.02 0.92 0.59 0.61 1.84 0.00
0 0 11 248 -59.14 -88.43 0.92 0.59 0.61 1.84 0.00
0 0 16 248 -11.94 -54.15 0.92 0.59 0.61 1.84 0.00
0 0 26 248 -43.61 -56.54 0.92 0.59 0.61 1.84 0.00
0 0 31 248 -33.24 -54.48 0.92 0.59 0.61 1.84 0.00
0 0 16 248 -12.01 -54.17 0.92 0.59 0.61 1.84 0.00
0 0 31 248 -34.53 -54.56 0.92 0.59 0.61 1.84 0.00
0 0 3 249 -35.59 -94.98 0.92 0.59 0.61 1.84 0.00
0 0 6 249 -91.78 -92.09 0.92 0.59 0.61 1.84 0.00
0 0 11 249 -59.35 -88.43 0.92 0.59 0.61 1.84 0.00
0 0 16 249 -11.96 -54.10 0.92 0.59 0.61 1.84 0.00
0 0 26 249 -43.38 -56.57 0.92 0.59 0.61 1.84 0.00
0 0 31 249 -33.09 -54.51 0.92 0.59 0.61 1.84 0.00
0 0 16 249 -12.03 -54.12 0.92 0.59 0.61 1.84 0.00
0 0 44 249 -12.29 -54.13 0.92 0.59 0.61 1.84 0.00
0 0 31 249 -34.18 -54.56 0.92 0.59 0.61 1.84 0.00
